# L and T dwarf data archive
# spty = L3.5  (Spectral type)
# spty_err = 0.5  (Spectral type uncertainty)
# objname = 2MASS J22244381-0158521  (Object name)
#
#     WAVELENGTH	#           FLUX	
#     (ANGSTROM)	#  (ERG/CM2/S/A)	
################	################	
      6315.21000	     1.57296e-18	
      6317.11000	     2.97478e-18	
      6319.01000	     4.72635e-18	
      6320.91000	     5.44875e-18	
      6322.81000	     5.19025e-18	
      6324.71000	     4.61255e-18	
      6326.61000	     3.27174e-18	
      6328.51000	     4.10477e-18	
      6330.42000	     4.61104e-18	
      6332.32000	     1.10897e-18	
      6334.22000	     2.22943e-18	
      6336.12000	     4.09476e-18	
      6338.02000	     5.14503e-18	
      6339.92000	     6.31090e-18	
      6341.82000	     4.36980e-18	
      6343.72000	     4.89719e-18	
      6345.62000	     4.74996e-18	
      6347.52000	     6.29137e-18	
      6349.42000	     5.49711e-18	
      6351.33000	     3.66675e-18	
      6353.23000	     3.61487e-18	
      6355.13000	     2.93138e-18	
      6357.03000	     3.99800e-18	
      6358.93000	     6.28392e-18	
      6360.83000	     4.90999e-18	
      6362.73000	     6.91585e-18	
      6364.63000	     5.05415e-18	
      6366.53000	     4.97343e-18	
      6368.43000	     5.54258e-18	
      6370.33000	     4.42465e-18	
      6372.24000	     6.16822e-18	
      6374.14000	     5.83623e-18	
      6376.04000	     5.01588e-18	
      6377.94000	     4.51584e-18	
      6379.84000	     4.47350e-18	
      6381.74000	     5.34420e-18	
      6383.64000	     6.08707e-18	
      6385.54000	     5.39544e-18	
      6387.44000	     4.93145e-18	
      6389.34000	     5.48877e-18	
      6391.25000	     5.08299e-18	
      6393.15000	     6.20126e-18	
      6395.05000	     6.66666e-18	
      6396.95000	     6.18422e-18	
      6398.85000	     5.74061e-18	
      6400.75000	     5.28240e-18	
      6402.65000	     6.45430e-18	
      6404.55000	     6.72445e-18	
      6406.45000	     5.23036e-18	
      6408.35000	     5.02798e-18	
      6410.26000	     5.41707e-18	
      6412.16000	     6.78149e-18	
      6414.06000	     6.85226e-18	
      6415.96000	     6.71453e-18	
      6417.86000	     8.18210e-18	
      6419.76000	     6.66115e-18	
      6421.66000	     6.85069e-18	
      6423.56000	     5.84205e-18	
      6425.46000	     6.03283e-18	
      6427.36000	     6.89863e-18	
      6429.26000	     6.73646e-18	
      6431.17000	     6.84025e-18	
      6433.07000	     6.28608e-18	
      6434.97000	     6.08434e-18	
      6436.87000	     6.75790e-18	
      6438.77000	     7.09043e-18	
      6440.67000	     6.54793e-18	
      6442.57000	     6.88795e-18	
      6444.47000	     7.42785e-18	
      6446.37000	     7.06881e-18	
      6448.27000	     5.67142e-18	
      6450.18000	     5.87541e-18	
      6452.08000	     7.02884e-18	
      6453.98000	     7.70097e-18	
      6455.88000	     6.88468e-18	
      6457.78000	     5.38063e-18	
      6459.68000	     6.18057e-18	
      6461.58000	     7.53580e-18	
      6463.48000	     8.64913e-18	
      6465.38000	     6.97182e-18	
      6467.28000	     7.51613e-18	
      6469.18000	     5.56015e-18	
      6471.09000	     6.91327e-18	
      6472.99000	     6.05950e-18	
      6474.89000	     7.98835e-18	
      6476.79000	     7.07860e-18	
      6478.69000	     7.92475e-18	
      6480.59000	     6.58774e-18	
      6482.49000	     6.94174e-18	
      6484.39000	     7.06541e-18	
      6486.29000	     6.95585e-18	
      6488.19000	     7.18634e-18	
      6490.10000	     8.28904e-18	
      6492.00000	     8.29183e-18	
      6493.90000	     7.29834e-18	
      6495.80000	     8.00961e-18	
      6497.70000	     9.08009e-18	
      6499.60000	     7.76625e-18	
      6501.50000	     8.62776e-18	
      6503.40000	     9.66331e-18	
      6505.30000	     9.64605e-18	
      6507.20000	     9.75948e-18	
      6509.10000	     8.42018e-18	
      6511.01000	     9.72891e-18	
      6512.91000	     1.07478e-17	
      6514.81000	     8.32687e-18	
      6516.71000	     8.58742e-18	
      6518.61000	     1.04685e-17	
      6520.51000	     8.28633e-18	
      6522.41000	     8.09439e-18	
      6524.31000	     8.40402e-18	
      6526.21000	     8.64824e-18	
      6528.11000	     9.37709e-18	
      6530.02000	     1.02854e-17	
      6531.92000	     9.84065e-18	
      6533.82000	     8.93863e-18	
      6535.72000	     9.10893e-18	
      6537.62000	     1.02986e-17	
      6539.52000	     1.12843e-17	
      6541.42000	     1.20369e-17	
      6543.32000	     1.00066e-17	
      6545.22000	     9.88076e-18	
      6547.12000	     9.56016e-18	
      6549.02000	     1.05702e-17	
      6550.93000	     1.20992e-17	
      6552.83000	     1.05507e-17	
      6554.73000	     1.12335e-17	
      6556.63000	     1.02596e-17	
      6558.53000	     1.12865e-17	
      6560.43000	     1.13448e-17	
      6562.33000	     1.19569e-17	
      6564.23000	     1.33496e-17	
      6566.13000	     1.55359e-17	
      6568.03000	     1.31347e-17	
      6569.94000	     1.09775e-17	
      6571.84000	     1.26515e-17	
      6573.74000	     1.26187e-17	
      6575.64000	     1.01538e-17	
      6577.54000	     1.11771e-17	
      6579.44000	     1.10331e-17	
      6581.34000	     1.13943e-17	
      6583.24000	     1.10713e-17	
      6585.14000	     1.00147e-17	
      6587.04000	     1.10613e-17	
      6588.94000	     1.18177e-17	
      6590.85000	     1.27589e-17	
      6592.75000	     1.22757e-17	
      6594.65000	     1.18278e-17	
      6596.55000	     1.20819e-17	
      6598.45000	     1.30199e-17	
      6600.35000	     1.28157e-17	
      6602.25000	     1.26668e-17	
      6604.15000	     1.37356e-17	
      6606.05000	     1.38063e-17	
      6607.95000	     1.49968e-17	
      6609.85000	     1.24973e-17	
      6611.76000	     1.25417e-17	
      6613.66000	     1.36265e-17	
      6615.56000	     1.32810e-17	
      6617.46000	     1.29933e-17	
      6619.36000	     1.20690e-17	
      6621.26000	     1.28876e-17	
      6623.16000	     1.16153e-17	
      6625.06000	     1.24680e-17	
      6626.96000	     1.38212e-17	
      6628.86000	     1.33452e-17	
      6630.77000	     1.42918e-17	
      6632.67000	     1.44632e-17	
      6634.57000	     1.35930e-17	
      6636.47000	     1.30742e-17	
      6638.37000	     1.33537e-17	
      6640.27000	     1.28100e-17	
      6642.17000	     1.30886e-17	
      6644.07000	     1.49703e-17	
      6645.97000	     1.45686e-17	
      6647.87000	     1.54193e-17	
      6649.77000	     1.64245e-17	
      6651.68000	     1.53483e-17	
      6653.58000	     1.47670e-17	
      6655.48000	     1.33283e-17	
      6657.38000	     1.45999e-17	
      6659.28000	     1.47685e-17	
      6661.18000	     1.40831e-17	
      6663.08000	     1.35457e-17	
      6664.98000	     1.50236e-17	
      6666.88000	     1.57848e-17	
      6668.78000	     1.58286e-17	
      6670.69000	     1.48743e-17	
      6672.59000	     1.60833e-17	
      6674.49000	     1.71664e-17	
      6676.39000	     1.55506e-17	
      6678.29000	     1.67542e-17	
      6680.19000	     1.54642e-17	
      6682.09000	     1.63368e-17	
      6683.99000	     1.67675e-17	
      6685.89000	     1.44774e-17	
      6687.79000	     1.53205e-17	
      6689.69000	     1.66741e-17	
      6691.60000	     1.71441e-17	
      6693.50000	     1.55956e-17	
      6695.40000	     1.64576e-17	
      6697.30000	     1.79061e-17	
      6699.20000	     1.58626e-17	
      6701.10000	     1.51592e-17	
      6703.00000	     1.63579e-17	
      6704.90000	     1.75498e-17	
      6706.80000	     1.65906e-17	
      6708.70000	     1.59002e-17	
      6710.61000	     1.71133e-17	
      6712.51000	     1.64574e-17	
      6714.41000	     1.75218e-17	
      6716.31000	     1.62650e-17	
      6718.21000	     1.77925e-17	
      6720.11000	     1.77282e-17	
      6722.01000	     1.72920e-17	
      6723.91000	     1.72666e-17	
      6725.81000	     1.87574e-17	
      6727.71000	     1.82487e-17	
      6729.61000	     1.71449e-17	
      6731.52000	     1.81925e-17	
      6733.42000	     1.92314e-17	
      6735.32000	     1.76685e-17	
      6737.22000	     1.82298e-17	
      6739.12000	     1.91318e-17	
      6741.02000	     1.96482e-17	
      6742.92000	     1.86077e-17	
      6744.82000	     1.78598e-17	
      6746.72000	     1.85184e-17	
      6748.62000	     1.76197e-17	
      6750.53000	     1.83443e-17	
      6752.43000	     1.85649e-17	
      6754.33000	     2.03680e-17	
      6756.23000	     1.99501e-17	
      6758.13000	     2.00418e-17	
      6760.03000	     2.00906e-17	
      6761.93000	     2.04611e-17	
      6763.83000	     2.00236e-17	
      6765.73000	     1.95444e-17	
      6767.63000	     2.22050e-17	
      6769.53000	     1.93097e-17	
      6771.44000	     1.96301e-17	
      6773.34000	     2.06311e-17	
      6775.24000	     1.98205e-17	
      6777.14000	     1.98420e-17	
      6779.04000	     1.96202e-17	
      6780.94000	     1.93327e-17	
      6782.84000	     1.89644e-17	
      6784.74000	     1.99865e-17	
      6786.64000	     2.07474e-17	
      6788.54000	     2.10669e-17	
      6790.45000	     2.05031e-17	
      6792.35000	     1.99236e-17	
      6794.25000	     1.98192e-17	
      6796.15000	     2.03145e-17	
      6798.05000	     2.00627e-17	
      6799.95000	     2.01504e-17	
      6801.85000	     2.01785e-17	
      6803.75000	     1.95417e-17	
      6805.65000	     1.97761e-17	
      6807.55000	     1.99744e-17	
      6809.45000	     1.99152e-17	
      6811.36000	     2.07710e-17	
      6813.26000	     1.88149e-17	
      6815.16000	     1.95868e-17	
      6817.06000	     2.03178e-17	
      6818.96000	     1.93854e-17	
      6820.86000	     1.95402e-17	
      6822.76000	     1.96793e-17	
      6824.66000	     1.82801e-17	
      6826.56000	     1.84564e-17	
      6828.46000	     1.99816e-17	
      6830.37000	     1.95122e-17	
      6832.27000	     1.97906e-17	
      6834.17000	     1.97935e-17	
      6836.07000	     1.98647e-17	
      6837.97000	     1.91189e-17	
      6839.87000	     1.97156e-17	
      6841.77000	     2.00921e-17	
      6843.67000	     2.15223e-17	
      6845.57000	     1.96827e-17	
      6847.47000	     1.98266e-17	
      6849.37000	     2.07119e-17	
      6851.28000	     2.03575e-17	
      6853.18000	     2.03880e-17	
      6855.08000	     1.93742e-17	
      6856.98000	     1.96552e-17	
      6858.88000	     2.12139e-17	
      6860.78000	     2.02088e-17	
      6862.68000	     1.89812e-17	
      6864.58000	     1.93766e-17	
      6866.48000	     1.75593e-17	
      6868.38000	     1.54464e-17	
      6870.29000	     1.44380e-17	
      6872.19000	     1.47932e-17	
      6874.09000	     1.49137e-17	
      6875.99000	     1.64146e-17	
      6877.89000	     1.67648e-17	
      6879.79000	     1.75513e-17	
      6881.69000	     1.74092e-17	
      6883.59000	     1.72439e-17	
      6885.49000	     1.73104e-17	
      6887.39000	     1.78178e-17	
      6889.29000	     1.56647e-17	
      6891.20000	     1.65691e-17	
      6893.10000	     1.57309e-17	
      6895.00000	     1.52643e-17	
      6896.90000	     1.58246e-17	
      6898.80000	     1.67732e-17	
      6900.70000	     1.68649e-17	
      6902.60000	     1.71991e-17	
      6904.50000	     1.64848e-17	
      6906.40000	     1.61688e-17	
      6908.30000	     1.66966e-17	
      6910.21000	     1.76060e-17	
      6912.11000	     1.80208e-17	
      6914.01000	     1.72386e-17	
      6915.91000	     1.82565e-17	
      6917.81000	     1.87072e-17	
      6919.71000	     1.84232e-17	
      6921.61000	     1.83400e-17	
      6923.51000	     1.83643e-17	
      6925.41000	     1.84202e-17	
      6927.31000	     1.94662e-17	
      6929.21000	     1.89240e-17	
      6931.12000	     1.93193e-17	
      6933.02000	     1.99182e-17	
      6934.92000	     1.96210e-17	
      6936.82000	     1.89501e-17	
      6938.72000	     1.81929e-17	
      6940.62000	     1.93744e-17	
      6942.52000	     2.13080e-17	
      6944.42000	     2.11258e-17	
      6946.32000	     1.89233e-17	
      6948.22000	     2.06263e-17	
      6950.13000	     2.29809e-17	
      6952.03000	     2.15180e-17	
      6953.93000	     2.18825e-17	
      6955.83000	     1.96002e-17	
      6957.73000	     1.84075e-17	
      6959.63000	     2.02687e-17	
      6961.53000	     2.14193e-17	
      6963.43000	     2.13016e-17	
      6965.33000	     1.95970e-17	
      6967.23000	     1.94176e-17	
      6969.13000	     1.91397e-17	
      6971.04000	     2.01224e-17	
      6972.94000	     2.02873e-17	
      6974.84000	     2.05239e-17	
      6976.74000	     2.08716e-17	
      6978.64000	     2.08640e-17	
      6980.54000	     2.10616e-17	
      6982.44000	     2.15245e-17	
      6984.34000	     2.04562e-17	
      6986.24000	     2.01681e-17	
      6988.14000	     2.03682e-17	
      6990.04000	     2.05361e-17	
      6991.95000	     1.97203e-17	
      6993.85000	     2.00586e-17	
      6995.75000	     1.92213e-17	
      6997.65000	     1.84132e-17	
      6999.55000	     2.06444e-17	
      7001.45000	     2.20232e-17	
      7003.35000	     2.16563e-17	
      7005.25000	     2.23222e-17	
      7007.15000	     2.16839e-17	
      7009.05000	     2.18293e-17	
      7010.96000	     2.20329e-17	
      7012.86000	     2.24052e-17	
      7014.76000	     2.19579e-17	
      7016.66000	     2.25477e-17	
      7018.56000	     2.09483e-17	
      7020.46000	     2.18992e-17	
      7022.36000	     2.35144e-17	
      7024.26000	     2.32349e-17	
      7026.16000	     2.37107e-17	
      7028.06000	     2.40042e-17	
      7029.96000	     2.32397e-17	
      7031.87000	     2.28617e-17	
      7033.77000	     2.44052e-17	
      7035.67000	     2.47222e-17	
      7037.57000	     2.58273e-17	
      7039.47000	     2.57374e-17	
      7041.37000	     2.57912e-17	
      7043.27000	     2.49368e-17	
      7045.17000	     2.54063e-17	
      7047.07000	     2.52327e-17	
      7048.97000	     2.51511e-17	
      7050.88000	     2.49673e-17	
      7052.78000	     2.66442e-17	
      7054.68000	     2.61281e-17	
      7056.58000	     2.44120e-17	
      7058.48000	     2.54475e-17	
      7060.38000	     2.72486e-17	
      7062.28000	     2.57008e-17	
      7064.18000	     2.80014e-17	
      7066.08000	     2.72253e-17	
      7067.98000	     2.53078e-17	
      7069.88000	     2.72290e-17	
      7071.79000	     2.72468e-17	
      7073.69000	     2.80555e-17	
      7075.59000	     2.79397e-17	
      7077.49000	     2.66698e-17	
      7079.39000	     2.73484e-17	
      7081.29000	     2.80635e-17	
      7083.19000	     2.89390e-17	
      7085.09000	     2.67896e-17	
      7086.99000	     2.72546e-17	
      7088.89000	     2.47444e-17	
      7090.80000	     2.44437e-17	
      7092.70000	     2.71922e-17	
      7094.60000	     2.60623e-17	
      7096.50000	     2.59676e-17	
      7098.40000	     2.72654e-17	
      7100.30000	     2.67410e-17	
      7102.20000	     2.69571e-17	
      7104.10000	     2.84955e-17	
      7106.00000	     2.88388e-17	
      7107.90000	     2.81693e-17	
      7109.80000	     2.82311e-17	
      7111.71000	     2.82818e-17	
      7113.61000	     2.87681e-17	
      7115.51000	     2.83522e-17	
      7117.41000	     2.74401e-17	
      7119.31000	     2.74547e-17	
      7121.21000	     2.81586e-17	
      7123.11000	     2.94972e-17	
      7125.01000	     2.89166e-17	
      7126.91000	     2.96332e-17	
      7128.81000	     2.72924e-17	
      7130.72000	     2.86459e-17	
      7132.62000	     2.89789e-17	
      7134.52000	     2.78563e-17	
      7136.42000	     2.80327e-17	
      7138.32000	     2.94736e-17	
      7140.22000	     2.89775e-17	
      7142.12000	     2.90579e-17	
      7144.02000	     2.92769e-17	
      7145.92000	     3.02446e-17	
      7147.82000	     3.01941e-17	
      7149.73000	     3.00211e-17	
      7151.63000	     3.00181e-17	
      7153.53000	     3.02680e-17	
      7155.43000	     2.94273e-17	
      7157.33000	     3.03656e-17	
      7159.23000	     2.99560e-17	
      7161.13000	     2.97092e-17	
      7163.03000	     3.04077e-17	
      7164.93000	     3.09823e-17	
      7166.83000	     3.18353e-17	
      7168.73000	     3.01916e-17	
      7170.64000	     3.02080e-17	
      7172.54000	     3.13291e-17	
      7174.44000	     3.22040e-17	
      7176.34000	     3.14362e-17	
      7178.24000	     3.10030e-17	
      7180.14000	     3.04872e-17	
      7182.04000	     3.08740e-17	
      7183.94000	     3.21702e-17	
      7185.84000	     3.12656e-17	
      7187.74000	     3.27216e-17	
      7189.65000	     3.10767e-17	
      7191.55000	     3.09106e-17	
      7193.45000	     3.23498e-17	
      7195.35000	     3.32826e-17	
      7197.25000	     3.19581e-17	
      7199.15000	     3.22671e-17	
      7201.05000	     3.29622e-17	
      7202.95000	     3.33168e-17	
      7204.85000	     3.26336e-17	
      7206.75000	     3.32004e-17	
      7208.65000	     3.31351e-17	
      7210.56000	     3.25898e-17	
      7212.46000	     3.30983e-17	
      7214.36000	     3.32068e-17	
      7216.26000	     3.30231e-17	
      7218.16000	     3.34471e-17	
      7220.06000	     3.30321e-17	
      7221.96000	     3.22479e-17	
      7223.86000	     3.31799e-17	
      7225.76000	     3.32366e-17	
      7227.66000	     3.41767e-17	
      7229.56000	     3.54234e-17	
      7231.47000	     3.43605e-17	
      7233.37000	     3.30034e-17	
      7235.27000	     3.40312e-17	
      7237.17000	     3.47211e-17	
      7239.07000	     3.35867e-17	
      7240.97000	     3.45089e-17	
      7242.87000	     3.40849e-17	
      7244.77000	     3.33316e-17	
      7246.67000	     3.62537e-17	
      7248.57000	     3.50584e-17	
      7250.48000	     3.60126e-17	
      7252.38000	     3.71321e-17	
      7254.28000	     3.55776e-17	
      7256.18000	     3.50220e-17	
      7258.08000	     3.47934e-17	
      7259.98000	     3.58214e-17	
      7261.88000	     3.70700e-17	
      7263.78000	     3.63466e-17	
      7265.68000	     3.52488e-17	
      7267.58000	     3.62535e-17	
      7269.48000	     3.61946e-17	
      7271.39000	     3.48092e-17	
      7273.29000	     3.69142e-17	
      7275.19000	     3.64012e-17	
      7277.09000	     3.68977e-17	
      7278.99000	     3.58689e-17	
      7280.89000	     3.64393e-17	
      7282.79000	     3.82804e-17	
      7284.69000	     3.72010e-17	
      7286.59000	     3.44548e-17	
      7288.49000	     3.63454e-17	
      7290.40000	     3.59993e-17	
      7292.30000	     3.64852e-17	
      7294.20000	     3.70501e-17	
      7296.10000	     3.80785e-17	
      7298.00000	     3.72346e-17	
      7299.90000	     3.66665e-17	
      7301.80000	     3.88423e-17	
      7303.70000	     3.98908e-17	
      7305.60000	     3.90914e-17	
      7307.50000	     3.72319e-17	
      7309.40000	     3.58745e-17	
      7311.31000	     3.62643e-17	
      7313.21000	     3.69103e-17	
      7315.11000	     3.84666e-17	
      7317.01000	     3.81403e-17	
      7318.91000	     3.78240e-17	
      7320.81000	     3.82524e-17	
      7322.71000	     3.73390e-17	
      7324.61000	     3.73868e-17	
      7326.51000	     3.67050e-17	
      7328.41000	     3.81366e-17	
      7330.31000	     3.82449e-17	
      7332.22000	     3.84718e-17	
      7334.12000	     3.85286e-17	
      7336.02000	     3.82282e-17	
      7337.92000	     3.78608e-17	
      7339.82000	     3.83232e-17	
      7341.72000	     3.66771e-17	
      7343.62000	     3.95129e-17	
      7345.52000	     3.56670e-17	
      7347.42000	     3.67541e-17	
      7349.32000	     3.76682e-17	
      7351.23000	     3.62867e-17	
      7353.13000	     3.65138e-17	
      7355.03000	     3.56262e-17	
      7356.93000	     3.73355e-17	
      7358.83000	     3.81469e-17	
      7360.73000	     3.78946e-17	
      7362.63000	     3.72899e-17	
      7364.53000	     3.76027e-17	
      7366.43000	     3.70789e-17	
      7368.33000	     3.67661e-17	
      7370.24000	     3.90180e-17	
      7372.14000	     3.76443e-17	
      7374.04000	     3.61748e-17	
      7375.94000	     3.67161e-17	
      7377.84000	     3.59580e-17	
      7379.74000	     3.56465e-17	
      7381.64000	     3.61221e-17	
      7383.54000	     3.58633e-17	
      7385.44000	     3.55012e-17	
      7387.34000	     3.55585e-17	
      7389.24000	     3.53112e-17	
      7391.15000	     3.63849e-17	
      7393.05000	     3.59135e-17	
      7394.95000	     3.62590e-17	
      7396.85000	     3.71891e-17	
      7398.75000	     3.56546e-17	
      7400.65000	     3.53176e-17	
      7402.55000	     3.68601e-17	
      7404.45000	     3.75160e-17	
      7406.35000	     3.65557e-17	
      7408.25000	     3.49759e-17	
      7410.16000	     3.57159e-17	
      7412.06000	     3.53407e-17	
      7413.96000	     3.29446e-17	
      7415.86000	     3.36924e-17	
      7417.76000	     3.46314e-17	
      7419.66000	     3.45007e-17	
      7421.56000	     3.49050e-17	
      7423.46000	     3.47949e-17	
      7425.36000	     3.29152e-17	
      7427.26000	     3.30887e-17	
      7429.16000	     3.36133e-17	
      7431.07000	     3.34386e-17	
      7432.97000	     3.46176e-17	
      7434.87000	     3.39240e-17	
      7436.77000	     3.44814e-17	
      7438.67000	     3.51004e-17	
      7440.57000	     3.45759e-17	
      7442.47000	     3.34123e-17	
      7444.37000	     3.40682e-17	
      7446.27000	     3.42670e-17	
      7448.17000	     3.27289e-17	
      7450.08000	     3.27369e-17	
      7451.98000	     3.22219e-17	
      7453.88000	     3.19084e-17	
      7455.78000	     3.26802e-17	
      7457.68000	     3.28570e-17	
      7459.58000	     3.18229e-17	
      7461.48000	     3.21345e-17	
      7463.38000	     3.33706e-17	
      7465.28000	     3.35253e-17	
      7467.18000	     3.40308e-17	
      7469.08000	     3.08192e-17	
      7470.99000	     3.11162e-17	
      7472.89000	     3.09681e-17	
      7474.79000	     3.09808e-17	
      7476.69000	     3.21877e-17	
      7478.59000	     3.08047e-17	
      7480.49000	     3.12461e-17	
      7482.39000	     3.03400e-17	
      7484.29000	     2.90852e-17	
      7486.19000	     2.97428e-17	
      7488.09000	     3.07036e-17	
      7490.00000	     2.93493e-17	
      7491.90000	     2.88034e-17	
      7493.80000	     2.88419e-17	
      7495.70000	     2.76389e-17	
      7497.60000	     2.82515e-17	
      7499.50000	     2.95316e-17	
      7501.40000	     2.82905e-17	
      7503.30000	     2.84725e-17	
      7505.20000	     2.94076e-17	
      7507.10000	     2.96783e-17	
      7509.00000	     2.75307e-17	
      7510.91000	     2.88333e-17	
      7512.81000	     2.81627e-17	
      7514.71000	     2.75988e-17	
      7516.61000	     2.67131e-17	
      7518.51000	     2.81067e-17	
      7520.41000	     2.78531e-17	
      7522.31000	     2.72796e-17	
      7524.21000	     2.55907e-17	
      7526.11000	     2.62504e-17	
      7528.01000	     2.65439e-17	
      7529.92000	     2.53606e-17	
      7531.82000	     2.53527e-17	
      7533.72000	     2.55547e-17	
      7535.62000	     2.49183e-17	
      7537.52000	     2.48538e-17	
      7539.42000	     2.49694e-17	
      7541.32000	     2.41651e-17	
      7543.22000	     2.39800e-17	
      7545.12000	     2.49784e-17	
      7547.02000	     2.45645e-17	
      7548.92000	     2.42073e-17	
      7550.83000	     2.50114e-17	
      7552.73000	     2.28787e-17	
      7554.63000	     2.31488e-17	
      7556.53000	     2.31504e-17	
      7558.43000	     2.26839e-17	
      7560.33000	     2.23256e-17	
      7562.23000	     2.18556e-17	
      7564.13000	     2.16870e-17	
      7566.03000	     1.97860e-17	
      7567.93000	     2.11708e-17	
      7569.83000	     2.12887e-17	
      7571.74000	     2.06631e-17	
      7573.64000	     1.99129e-17	
      7575.54000	     1.91547e-17	
      7577.44000	     1.96427e-17	
      7579.34000	     1.90612e-17	
      7581.24000	     1.79859e-17	
      7583.14000	     1.73383e-17	
      7585.04000	     1.73839e-17	
      7586.94000	     1.59050e-17	
      7588.84000	     1.51181e-17	
      7590.75000	     1.50912e-17	
      7592.65000	     1.40187e-17	
      7594.55000	     1.21105e-17	
      7596.45000	     8.41251e-18	
      7598.35000	     6.57229e-18	
      7600.25000	     6.93119e-18	
      7602.15000	     6.02694e-18	
      7604.05000	     5.67340e-18	
      7605.95000	     5.58913e-18	
      7607.85000	     5.47788e-18	
      7609.75000	     6.56958e-18	
      7611.66000	     7.32431e-18	
      7613.56000	     7.60872e-18	
      7615.46000	     7.81176e-18	
      7617.36000	     8.81264e-18	
      7619.26000	     1.00837e-17	
      7621.16000	     7.52830e-18	
      7623.06000	     6.92060e-18	
      7624.96000	     5.45561e-18	
      7626.86000	     5.56434e-18	
      7628.76000	     5.61109e-18	
      7630.67000	     3.91938e-18	
      7632.57000	     5.06957e-18	
      7634.47000	     6.26875e-18	
      7636.37000	     4.86610e-18	
      7638.27000	     3.79988e-18	
      7640.17000	     3.43336e-18	
      7642.07000	     3.30582e-18	
      7643.97000	     3.54390e-18	
      7645.87000	     3.44407e-18	
      7647.77000	     3.00810e-18	
      7649.67000	     1.98061e-18	
      7651.58000	     3.19231e-18	
      7653.48000	     1.62281e-18	
      7655.38000	     1.43303e-18	
      7657.28000	     1.47641e-18	
      7659.18000	     1.53278e-18	
      7661.08000	     1.47598e-18	
      7662.98000	     8.19203e-19	
      7664.88000	     1.24900e-18	
      7666.78000	     6.08728e-19	
      7668.68000	     4.52592e-19	
      7670.59000	     1.10118e-18	
      7672.49000	     1.95327e-18	
      7674.39000	     2.05888e-18	
      7676.29000	     1.80511e-18	
      7678.19000	     1.65815e-18	
      7680.09000	     3.43700e-18	
      7681.99000	     3.65753e-18	
      7683.89000	     3.70805e-18	
      7685.79000	     2.15550e-18	
      7687.69000	     3.22037e-18	
      7689.59000	     3.20691e-18	
      7691.50000	     2.37612e-18	
      7693.40000	     2.54616e-18	
      7695.30000	     1.01672e-18	
      7697.20000	     1.29240e-18	
      7699.10000	     1.55855e-18	
      7701.00000	     2.37847e-18	
      7702.90000	     3.32791e-18	
      7704.80000	     3.95448e-18	
      7706.70000	     3.88575e-18	
      7708.60000	     3.63106e-18	
      7710.51000	     4.51503e-18	
      7712.41000	     3.48743e-18	
      7714.31000	     4.00362e-18	
      7716.21000	     5.11373e-18	
      7718.11000	     4.99048e-18	
      7720.01000	     5.92213e-18	
      7721.91000	     6.77972e-18	
      7723.81000	     9.15728e-18	
      7725.71000	     9.15395e-18	
      7727.61000	     9.35230e-18	
      7729.51000	     9.46484e-18	
      7731.42000	     1.03128e-17	
      7733.32000	     1.26227e-17	
      7735.22000	     1.08340e-17	
      7737.12000	     1.11077e-17	
      7739.02000	     1.28167e-17	
      7740.92000	     1.30657e-17	
      7742.82000	     1.26678e-17	
      7744.72000	     1.20146e-17	
      7746.62000	     1.03777e-17	
      7748.52000	     1.41068e-17	
      7750.43000	     1.53653e-17	
      7752.33000	     1.60186e-17	
      7754.23000	     1.88967e-17	
      7756.13000	     1.81442e-17	
      7758.03000	     1.86822e-17	
      7759.93000	     1.92231e-17	
      7761.83000	     1.80097e-17	
      7763.73000	     1.64396e-17	
      7765.63000	     1.75352e-17	
      7767.53000	     1.76328e-17	
      7769.43000	     1.84047e-17	
      7771.34000	     1.83544e-17	
      7773.24000	     1.98355e-17	
      7775.14000	     1.96340e-17	
      7777.04000	     1.98321e-17	
      7778.94000	     2.10862e-17	
      7780.84000	     1.94961e-17	
      7782.74000	     1.99635e-17	
      7784.64000	     2.02010e-17	
      7786.54000	     1.97347e-17	
      7788.44000	     2.24218e-17	
      7790.35000	     2.26042e-17	
      7792.25000	     2.02074e-17	
      7794.15000	     1.67820e-17	
      7796.05000	     1.35828e-17	
      7797.95000	     1.07919e-17	
      7799.85000	     1.21436e-17	
      7801.75000	     1.50215e-17	
      7803.65000	     1.95261e-17	
      7805.55000	     2.19997e-17	
      7807.45000	     2.34592e-17	
      7809.35000	     2.50727e-17	
      7811.26000	     2.67810e-17	
      7813.16000	     2.78172e-17	
      7815.06000	     2.75868e-17	
      7816.96000	     2.67242e-17	
      7818.86000	     2.72384e-17	
      7820.76000	     2.78693e-17	
      7822.66000	     2.59311e-17	
      7824.56000	     2.72015e-17	
      7826.46000	     2.90560e-17	
      7828.36000	     3.05592e-17	
      7830.27000	     3.17917e-17	
      7832.17000	     3.19236e-17	
      7834.07000	     3.19494e-17	
      7835.97000	     3.19766e-17	
      7837.87000	     3.18749e-17	
      7839.77000	     3.30698e-17	
      7841.67000	     3.51700e-17	
      7843.57000	     3.59293e-17	
      7845.47000	     3.65426e-17	
      7847.37000	     3.80846e-17	
      7849.27000	     3.96325e-17	
      7851.18000	     3.85767e-17	
      7853.08000	     4.01515e-17	
      7854.98000	     3.92117e-17	
      7856.88000	     3.78738e-17	
      7858.78000	     4.04207e-17	
      7860.68000	     4.15775e-17	
      7862.58000	     4.16358e-17	
      7864.48000	     4.16313e-17	
      7866.38000	     3.77628e-17	
      7868.28000	     3.78466e-17	
      7870.19000	     3.72091e-17	
      7872.09000	     3.88551e-17	
      7873.99000	     4.11102e-17	
      7875.89000	     4.17542e-17	
      7877.79000	     4.28872e-17	
      7879.69000	     4.50701e-17	
      7881.59000	     4.41540e-17	
      7883.49000	     4.58292e-17	
      7885.39000	     4.81152e-17	
      7887.29000	     4.32452e-17	
      7889.19000	     4.46628e-17	
      7891.10000	     5.10923e-17	
      7893.00000	     4.98421e-17	
      7894.90000	     4.81853e-17	
      7896.80000	     4.88343e-17	
      7898.70000	     4.84221e-17	
      7900.60000	     4.87334e-17	
      7902.50000	     4.90917e-17	
      7904.40000	     4.78837e-17	
      7906.30000	     4.63833e-17	
      7908.20000	     4.92978e-17	
      7910.10000	     5.03798e-17	
      7912.01000	     5.79205e-17	
      7913.91000	     5.95505e-17	
      7915.81000	     6.07017e-17	
      7917.71000	     6.06712e-17	
      7919.61000	     5.72189e-17	
      7921.51000	     5.57791e-17	
      7923.41000	     5.48712e-17	
      7925.31000	     5.39136e-17	
      7927.21000	     5.52828e-17	
      7929.11000	     5.61218e-17	
      7931.02000	     5.75505e-17	
      7932.92000	     5.70364e-17	
      7934.82000	     5.61009e-17	
      7936.72000	     5.70992e-17	
      7938.62000	     5.21617e-17	
      7940.52000	     4.36944e-17	
      7942.42000	     3.28654e-17	
      7944.32000	     2.52003e-17	
      7946.22000	     2.58988e-17	
      7948.12000	     3.51397e-17	
      7950.02000	     4.44003e-17	
      7951.93000	     5.05364e-17	
      7953.83000	     5.58405e-17	
      7955.73000	     5.81768e-17	
      7957.63000	     6.01680e-17	
      7959.53000	     5.84559e-17	
      7961.43000	     5.40962e-17	
      7963.33000	     5.76678e-17	
      7965.23000	     6.00640e-17	
      7967.13000	     5.94475e-17	
      7969.03000	     5.94658e-17	
      7970.94000	     6.08043e-17	
      7972.84000	     6.14421e-17	
      7974.74000	     6.63968e-17	
      7976.64000	     6.87560e-17	
      7978.54000	     6.98787e-17	
      7980.44000	     6.86362e-17	
      7982.34000	     6.35387e-17	
      7984.24000	     6.48215e-17	
      7986.14000	     6.72277e-17	
      7988.04000	     6.42011e-17	
      7989.94000	     6.61164e-17	
      7991.85000	     6.96470e-17	
      7993.75000	     6.69565e-17	
      7995.65000	     7.14027e-17	
      7997.55000	     6.85301e-17	
      7999.45000	     6.70972e-17	
      8001.35000	     6.83146e-17	
      8003.25000	     7.14156e-17	
      8005.15000	     7.18816e-17	
      8007.05000	     7.06994e-17	
      8008.95000	     7.07503e-17	
      8010.86000	     6.97502e-17	
      8012.76000	     7.26227e-17	
      8014.66000	     7.39303e-17	
      8016.56000	     7.97753e-17	
      8018.46000	     7.75785e-17	
      8020.36000	     7.60426e-17	
      8022.26000	     7.74134e-17	
      8024.16000	     7.97172e-17	
      8026.06000	     8.02733e-17	
      8027.96000	     7.47698e-17	
      8029.86000	     7.63178e-17	
      8031.77000	     7.55875e-17	
      8033.67000	     7.51787e-17	
      8035.57000	     7.33412e-17	
      8037.47000	     7.57838e-17	
      8039.37000	     7.98911e-17	
      8041.27000	     7.90019e-17	
      8043.17000	     8.08729e-17	
      8045.07000	     8.26128e-17	
      8046.97000	     8.51240e-17	
      8048.87000	     8.57947e-17	
      8050.78000	     8.63796e-17	
      8052.68000	     8.86955e-17	
      8054.58000	     8.79611e-17	
      8056.48000	     8.49704e-17	
      8058.38000	     8.39019e-17	
      8060.28000	     8.23059e-17	
      8062.18000	     7.99381e-17	
      8064.08000	     8.18335e-17	
      8065.98000	     8.36968e-17	
      8067.88000	     8.59611e-17	
      8069.78000	     9.06017e-17	
      8071.69000	     9.15460e-17	
      8073.59000	     9.04354e-17	
      8075.49000	     9.30363e-17	
      8077.39000	     9.51321e-17	
      8079.29000	     9.35430e-17	
      8081.19000	     9.08108e-17	
      8083.09000	     8.82786e-17	
      8084.99000	     8.88693e-17	
      8086.89000	     9.26793e-17	
      8088.79000	     9.31234e-17	
      8090.70000	     9.42169e-17	
      8092.60000	     9.63381e-17	
      8094.50000	     9.50852e-17	
      8096.40000	     9.43120e-17	
      8098.30000	     9.36935e-17	
      8100.20000	     9.36222e-17	
      8102.10000	     9.62836e-17	
      8104.00000	     9.83620e-17	
      8105.90000	     9.79628e-17	
      8107.80000	     9.92861e-17	
      8109.71000	     1.00946e-16	
      8111.61000	     9.72791e-17	
      8113.51000	     9.61655e-17	
      8115.41000	     9.77133e-17	
      8117.31000	     9.89545e-17	
      8119.21000	     9.59948e-17	
      8121.11000	     9.89337e-17	
      8123.01000	     9.81572e-17	
      8124.91000	     1.00295e-16	
      8126.81000	     1.02887e-16	
      8128.71000	     1.02232e-16	
      8130.62000	     1.02652e-16	
      8132.52000	     1.05052e-16	
      8134.42000	     1.06140e-16	
      8136.32000	     1.05549e-16	
      8138.22000	     1.01748e-16	
      8140.12000	     1.00205e-16	
      8142.02000	     9.73347e-17	
      8143.92000	     9.71492e-17	
      8145.82000	     9.48492e-17	
      8147.72000	     9.61001e-17	
      8149.63000	     1.00435e-16	
      8151.53000	     9.92231e-17	
      8153.43000	     1.00624e-16	
      8155.33000	     1.00637e-16	
      8157.23000	     1.00753e-16	
      8159.13000	     1.00168e-16	
      8161.03000	     9.97970e-17	
      8162.93000	     1.03009e-16	
      8164.83000	     1.07434e-16	
      8166.73000	     1.08705e-16	
      8168.63000	     1.07741e-16	
      8170.54000	     1.07230e-16	
      8172.44000	     1.08355e-16	
      8174.34000	     1.08092e-16	
      8176.24000	     9.82720e-17	
      8178.14000	     8.40373e-17	
      8180.04000	     7.85464e-17	
      8181.94000	     8.13913e-17	
      8183.84000	     9.10839e-17	
      8185.74000	     9.69498e-17	
      8187.64000	     9.31949e-17	
      8189.54000	     8.24372e-17	
      8191.45000	     7.62976e-17	
      8193.35000	     7.75041e-17	
      8195.25000	     8.59755e-17	
      8197.15000	     9.67920e-17	
      8199.05000	     1.07392e-16	
      8200.95000	     1.13717e-16	
      8202.85000	     1.16543e-16	
      8204.75000	     1.18101e-16	
      8206.65000	     1.20037e-16	
      8208.55000	     1.17469e-16	
      8210.46000	     1.15851e-16	
      8212.36000	     1.15204e-16	
      8214.26000	     1.14656e-16	
      8216.16000	     1.17921e-16	
      8218.06000	     1.22195e-16	
      8219.96000	     1.25030e-16	
      8221.86000	     1.24525e-16	
      8223.76000	     1.22830e-16	
      8225.66000	     1.21883e-16	
      8227.56000	     1.19386e-16	
      8229.46000	     1.17115e-16	
      8231.37000	     1.15442e-16	
      8233.27000	     1.16342e-16	
      8235.17000	     1.19977e-16	
      8237.07000	     1.19745e-16	
      8238.97000	     1.20318e-16	
      8240.87000	     1.21594e-16	
      8242.77000	     1.21975e-16	
      8244.67000	     1.21503e-16	
      8246.57000	     1.21853e-16	
      8248.47000	     1.21815e-16	
      8250.37000	     1.18823e-16	
      8252.28000	     1.17652e-16	
      8254.18000	     1.22696e-16	
      8256.08000	     1.26750e-16	
      8257.98000	     1.30567e-16	
      8259.88000	     1.32713e-16	
      8261.78000	     1.33475e-16	
      8263.68000	     1.35757e-16	
      8265.58000	     1.35006e-16	
      8267.48000	     1.29266e-16	
      8269.38000	     1.30010e-16	
      8271.29000	     1.29431e-16	
      8273.19000	     1.28063e-16	
      8275.09000	     1.32198e-16	
      8276.99000	     1.34676e-16	
      8278.89000	     1.34632e-16	
      8280.79000	     1.33300e-16	
      8282.69000	     1.28888e-16	
      8284.59000	     1.26078e-16	
      8286.49000	     1.23909e-16	
      8288.39000	     1.19323e-16	
      8290.29000	     1.18952e-16	
      8292.20000	     1.20349e-16	
      8294.10000	     1.17855e-16	
      8296.00000	     1.23788e-16	
      8297.90000	     1.28578e-16	
      8299.80000	     1.26137e-16	
      8301.70000	     1.26938e-16	
      8303.60000	     1.30005e-16	
      8305.50000	     1.32627e-16	
      8307.40000	     1.28865e-16	
      8309.30000	     1.27085e-16	
      8311.21000	     1.33984e-16	
      8313.11000	     1.38962e-16	
      8315.01000	     1.38686e-16	
      8316.91000	     1.41018e-16	
      8318.81000	     1.40974e-16	
      8320.71000	     1.40899e-16	
      8322.61000	     1.37888e-16	
      8324.51000	     1.35206e-16	
      8326.41000	     1.37840e-16	
      8328.31000	     1.37485e-16	
      8330.21000	     1.36686e-16	
      8332.12000	     1.38352e-16	
      8334.02000	     1.39842e-16	
      8335.92000	     1.38059e-16	
      8337.82000	     1.41108e-16	
      8339.72000	     1.39048e-16	
      8341.62000	     1.27859e-16	
      8343.52000	     1.30952e-16	
      8345.42000	     1.37170e-16	
      8347.32000	     1.42483e-16	
      8349.22000	     1.49599e-16	
      8351.13000	     1.50322e-16	
      8353.03000	     1.50410e-16	
      8354.93000	     1.49059e-16	
      8356.83000	     1.46311e-16	
      8358.73000	     1.43496e-16	
      8360.63000	     1.44330e-16	
      8362.53000	     1.45502e-16	
      8364.43000	     1.46818e-16	
      8366.33000	     1.50080e-16	
      8368.23000	     1.47917e-16	
      8370.13000	     1.44904e-16	
      8372.04000	     1.44994e-16	
      8373.94000	     1.44257e-16	
      8375.84000	     1.44639e-16	
      8377.74000	     1.43658e-16	
      8379.64000	     1.38859e-16	
      8381.54000	     1.40747e-16	
      8383.44000	     1.44036e-16	
      8385.34000	     1.49912e-16	
      8387.24000	     1.53120e-16	
      8389.14000	     1.51505e-16	
      8391.05000	     1.53693e-16	
      8392.95000	     1.54305e-16	
      8394.85000	     1.54601e-16	
      8396.75000	     1.56651e-16	
      8398.65000	     1.56324e-16	
      8400.55000	     1.54495e-16	
      8402.45000	     1.54469e-16	
      8404.35000	     1.54790e-16	
      8406.25000	     1.53463e-16	
      8408.15000	     1.50356e-16	
      8410.05000	     1.49308e-16	
      8411.96000	     1.47190e-16	
      8413.86000	     1.44973e-16	
      8415.76000	     1.42184e-16	
      8417.66000	     1.47387e-16	
      8419.56000	     1.47282e-16	
      8421.46000	     1.46217e-16	
      8423.36000	     1.43179e-16	
      8425.26000	     1.44868e-16	
      8427.16000	     1.39500e-16	
      8429.06000	     1.40797e-16	
      8430.97000	     1.48857e-16	
      8432.87000	     1.54790e-16	
      8434.77000	     1.51869e-16	
      8436.67000	     1.57529e-16	
      8438.57000	     1.61585e-16	
      8440.47000	     1.60090e-16	
      8442.37000	     1.54206e-16	
      8444.27000	     1.54672e-16	
      8446.17000	     1.50303e-16	
      8448.07000	     1.43999e-16	
      8449.97000	     1.37856e-16	
      8451.88000	     1.37769e-16	
      8453.78000	     1.43815e-16	
      8455.68000	     1.53957e-16	
      8457.58000	     1.57132e-16	
      8459.48000	     1.52779e-16	
      8461.38000	     1.45188e-16	
      8463.28000	     1.34953e-16	
      8465.18000	     1.38994e-16	
      8467.08000	     1.40455e-16	
      8468.98000	     1.37246e-16	
      8470.89000	     1.38927e-16	
      8472.79000	     1.36313e-16	
      8474.69000	     1.35610e-16	
      8476.59000	     1.35906e-16	
      8478.49000	     1.34066e-16	
      8480.39000	     1.37931e-16	
      8482.29000	     1.42507e-16	
      8484.19000	     1.42613e-16	
      8486.09000	     1.41972e-16	
      8487.99000	     1.42474e-16	
      8489.89000	     1.46350e-16	
      8491.80000	     1.45447e-16	
      8493.70000	     1.46525e-16	
      8495.60000	     1.46824e-16	
      8497.50000	     1.43889e-16	
      8499.40000	     1.43656e-16	
      8501.30000	     1.38339e-16	
      8503.20000	     1.31283e-16	
      8505.10000	     1.34114e-16	
      8507.00000	     1.39714e-16	
      8508.90000	     1.41669e-16	
      8510.81000	     1.41704e-16	
      8512.71000	     1.36334e-16	
      8514.61000	     1.25741e-16	
      8516.51000	     1.08259e-16	
      8518.41000	     1.05973e-16	
      8520.31000	     1.15853e-16	
      8522.21000	     1.29433e-16	
      8524.11000	     1.39029e-16	
      8526.01000	     1.43364e-16	
      8527.91000	     1.46792e-16	
      8529.81000	     1.55557e-16	
      8531.72000	     1.65221e-16	
      8533.62000	     1.67425e-16	
      8535.52000	     1.58263e-16	
      8537.42000	     1.50753e-16	
      8539.32000	     1.59389e-16	
      8541.22000	     1.68679e-16	
      8543.12000	     1.72179e-16	
      8545.02000	     1.76816e-16	
      8546.92000	     1.78172e-16	
      8548.82000	     1.80635e-16	
      8550.73000	     1.79153e-16	
      8552.63000	     1.74939e-16	
      8554.53000	     1.73844e-16	
      8556.43000	     1.71424e-16	
      8558.33000	     1.69402e-16	
      8560.23000	     1.64317e-16	
      8562.13000	     1.55886e-16	
      8564.03000	     1.53041e-16	
      8565.93000	     1.58747e-16	
      8567.83000	     1.59481e-16	
      8569.74000	     1.60537e-16	
      8571.64000	     1.64228e-16	
      8573.54000	     1.65877e-16	
      8575.44000	     1.67428e-16	
      8577.34000	     1.70658e-16	
      8579.24000	     1.70482e-16	
      8581.14000	     1.71341e-16	
      8583.04000	     1.75247e-16	
      8584.94000	     1.76845e-16	
      8586.84000	     1.77341e-16	
      8588.74000	     1.78367e-16	
      8590.65000	     1.77652e-16	
      8592.55000	     1.78404e-16	
      8594.45000	     1.84565e-16	
      8596.35000	     1.87334e-16	
      8598.25000	     1.88269e-16	
      8600.15000	     1.84063e-16	
      8602.05000	     1.81030e-16	
      8603.95000	     1.71972e-16	
      8605.85000	     1.50701e-16	
      8607.75000	     1.21996e-16	
      8609.66000	     1.00199e-16	
      8611.56000	     8.40470e-17	
      8613.46000	     7.17952e-17	
      8615.36000	     7.53513e-17	
      8617.26000	     7.74273e-17	
      8619.16000	     7.98768e-17	
      8621.06000	     8.64348e-17	
      8622.96000	     8.53300e-17	
      8624.86000	     8.38751e-17	
      8626.76000	     8.67311e-17	
      8628.66000	     8.64851e-17	
      8630.57000	     9.13644e-17	
      8632.47000	     9.12519e-17	
      8634.37000	     9.40689e-17	
      8636.27000	     9.15787e-17	
      8638.17000	     9.68630e-17	
      8640.07000	     9.49410e-17	
      8641.97000	     9.12106e-17	
      8643.87000	     9.85180e-17	
      8645.77000	     9.87474e-17	
      8647.67000	     1.05876e-16	
      8649.58000	     1.04757e-16	
      8651.48000	     1.01337e-16	
      8653.38000	     1.05180e-16	
      8655.28000	     1.05311e-16	
      8657.18000	     1.07093e-16	
      8659.08000	     1.09624e-16	
      8660.98000	     1.16649e-16	
      8662.88000	     1.15444e-16	
      8664.78000	     1.10674e-16	
      8666.68000	     1.12816e-16	
      8668.58000	     1.13786e-16	
      8670.49000	     1.17529e-16	
      8672.39000	     1.26176e-16	
      8674.29000	     1.28904e-16	
      8676.19000	     1.24738e-16	
      8678.09000	     1.14681e-16	
      8679.99000	     1.09290e-16	
      8681.89000	     1.12682e-16	
      8683.79000	     1.18132e-16	
      8685.69000	     1.16235e-16	
      8687.59000	     1.06150e-16	
      8689.50000	     9.40231e-17	
      8691.40000	     8.64453e-17	
      8693.30000	     8.42639e-17	
      8695.20000	     8.86143e-17	
      8697.10000	     9.29194e-17	
      8699.00000	     9.59623e-17	
      8700.90000	     9.32424e-17	
      8702.80000	     8.98029e-17	
      8704.70000	     8.45984e-17	
      8706.60000	     8.25640e-17	
      8708.50000	     8.69132e-17	
      8710.41000	     8.88110e-17	
      8712.31000	     9.24706e-17	
      8714.21000	     9.67067e-17	
      8716.11000	     9.69117e-17	
      8718.01000	     9.55829e-17	
      8719.91000	     9.47012e-17	
      8721.81000	     9.59037e-17	
      8723.71000	     1.01108e-16	
      8725.61000	     1.02680e-16	
      8727.51000	     1.01839e-16	
      8729.42000	     9.97552e-17	
      8731.32000	     9.96554e-17	
      8733.22000	     1.05698e-16	
      8735.12000	     1.12159e-16	
      8737.02000	     1.12831e-16	
      8738.92000	     1.15022e-16	
      8740.82000	     1.21430e-16	
      8742.72000	     1.20448e-16	
      8744.62000	     1.13859e-16	
      8746.52000	     1.16047e-16	
      8748.42000	     1.20727e-16	
      8750.33000	     1.19812e-16	
      8752.23000	     1.23580e-16	
      8754.13000	     1.26116e-16	
      8756.03000	     1.25803e-16	
      8757.93000	     1.25220e-16	
      8759.83000	     1.21670e-16	
      8761.73000	     1.13560e-16	
      8763.63000	     1.14184e-16	
      8765.53000	     1.19923e-16	
      8767.43000	     1.27115e-16	
      8769.33000	     1.40673e-16	
      8771.24000	     1.45427e-16	
      8773.14000	     1.41538e-16	
      8775.04000	     1.29945e-16	
      8776.94000	     1.26790e-16	
      8778.84000	     1.32903e-16	
      8780.74000	     1.27849e-16	
      8782.64000	     1.20939e-16	
      8784.54000	     1.17983e-16	
      8786.44000	     1.16826e-16	
      8788.34000	     1.21440e-16	
      8790.25000	     1.27457e-16	
      8792.15000	     1.35842e-16	
      8794.05000	     1.36180e-16	
      8795.95000	     1.25237e-16	
      8797.85000	     1.16381e-16	
      8799.75000	     1.10780e-16	
      8801.65000	     1.11316e-16	
      8803.55000	     1.10704e-16	
      8805.45000	     1.13911e-16	
      8807.35000	     1.26458e-16	
      8809.25000	     1.36431e-16	
      8811.16000	     1.43758e-16	
      8813.06000	     1.48843e-16	
      8814.96000	     1.49980e-16	
      8816.86000	     1.40469e-16	
      8818.76000	     1.33942e-16	
      8820.66000	     1.30375e-16	
      8822.56000	     1.31328e-16	
      8824.46000	     1.37333e-16	
      8826.36000	     1.35425e-16	
      8828.26000	     1.34624e-16	
      8830.17000	     1.29003e-16	
      8832.07000	     1.31982e-16	
      8833.97000	     1.44925e-16	
      8835.87000	     1.50829e-16	
      8837.77000	     1.56440e-16	
      8839.67000	     1.47088e-16	
      8841.57000	     1.34785e-16	
      8843.47000	     1.26290e-16	
      8845.37000	     1.28349e-16	
      8847.27000	     1.43718e-16	
      8849.17000	     1.54675e-16	
      8851.08000	     1.51499e-16	
      8852.98000	     1.41136e-16	
      8854.88000	     1.38380e-16	
      8856.78000	     1.42298e-16	
      8858.68000	     1.48046e-16	
      8860.58000	     1.53721e-16	
      8862.48000	     1.46144e-16	
      8864.38000	     1.33852e-16	
      8866.28000	     1.20268e-16	
      8868.18000	     1.19665e-16	
      8870.08000	     1.26600e-16	
      8871.99000	     1.38644e-16	
      8873.89000	     1.53722e-16	
      8875.79000	     1.61248e-16	
      8877.69000	     1.50136e-16	
      8879.59000	     1.38739e-16	
      8881.49000	     1.30673e-16	
      8883.39000	     1.44781e-16	
      8885.29000	     1.61770e-16	
      8887.19000	     1.68922e-16	
      8889.09000	     1.58853e-16	
      8891.00000	     1.40709e-16	
      8892.90000	     1.34520e-16	
      8894.80000	     1.45065e-16	
      8896.70000	     1.62127e-16	
      8898.60000	     1.71112e-16	
      8900.50000	     1.75959e-16	
      8902.40000	     1.68432e-16	
      8904.30000	     1.52852e-16	
      8906.20000	     1.48621e-16	
      8908.10000	     1.55636e-16	
      8910.00000	     1.64478e-16	
      8911.91000	     1.65111e-16	
      8913.81000	     1.65068e-16	
      8915.71000	     1.60766e-16	
      8917.61000	     1.50023e-16	
      8919.51000	     1.44370e-16	
      8921.41000	     1.37102e-16	
      8923.31000	     1.37545e-16	
      8925.21000	     1.50078e-16	
      8927.11000	     1.66369e-16	
      8929.01000	     1.76067e-16	
      8930.92000	     1.72795e-16	
      8932.82000	     1.54022e-16	
      8934.72000	     1.40181e-16	
      8936.62000	     1.29164e-16	
      8938.52000	     1.19196e-16	
      8940.42000	     1.21718e-16	
      8942.32000	     1.36818e-16	
      8944.22000	     1.51916e-16	
      8946.12000	     1.52344e-16	
      8948.02000	     1.50794e-16	
      8949.92000	     1.59056e-16	
      8951.83000	     1.71906e-16	
      8953.73000	     1.82012e-16	
      8955.63000	     1.84648e-16	
      8957.53000	     1.83746e-16	
      8959.43000	     1.66049e-16	
      8961.33000	     1.47797e-16	
      8963.23000	     1.45693e-16	
      8965.13000	     1.52640e-16	
      8967.03000	     1.61439e-16	
      8968.93000	     1.65244e-16	
      8970.83000	     1.71159e-16	
      8972.74000	     1.76071e-16	
      8974.64000	     1.68027e-16	
      8976.54000	     1.60027e-16	
      8978.44000	     1.64606e-16	
      8980.34000	     1.77721e-16	
      8982.24000	     1.82390e-16	
      8984.14000	     1.81631e-16	
      8986.04000	     1.78740e-16	
      8987.94000	     1.74832e-16	
      8989.84000	     1.63961e-16	
      8991.75000	     1.53756e-16	
      8993.65000	     1.52800e-16	
      8995.55000	     1.55335e-16	
      8997.45000	     1.63337e-16	
      8999.35000	     1.73724e-16	
      9001.25000	     1.88674e-16	
      9003.15000	     1.84170e-16	
      9005.05000	     1.69112e-16	
      9006.95000	     1.69813e-16	
      9008.85000	     1.72965e-16	
      9010.76000	     1.77999e-16	
      9012.66000	     1.78943e-16	
      9014.56000	     1.77743e-16	
      9016.46000	     1.71167e-16	
      9018.36000	     1.64628e-16	
      9020.26000	     1.57225e-16	
      9022.16000	     1.48641e-16	
      9024.06000	     1.50174e-16	
      9025.96000	     1.55149e-16	
      9027.86000	     1.65704e-16	
      9029.76000	     1.77033e-16	
      9031.67000	     1.92127e-16	
      9033.57000	     1.98782e-16	
      9035.47000	     1.93525e-16	
      9037.37000	     1.79573e-16	
      9039.27000	     1.76618e-16	
      9041.17000	     1.73610e-16	
      9043.07000	     1.77537e-16	
      9044.97000	     1.84823e-16	
      9046.87000	     1.87168e-16	
      9048.77000	     1.82311e-16	
      9050.68000	     1.75558e-16	
      9052.58000	     1.71710e-16	
      9054.48000	     1.64724e-16	
      9056.38000	     1.63188e-16	
      9058.28000	     1.65929e-16	
      9060.18000	     1.69819e-16	
      9062.08000	     1.70734e-16	
      9063.98000	     1.72528e-16	
      9065.88000	     1.71798e-16	
      9067.78000	     1.71306e-16	
      9069.68000	     1.71888e-16	
      9071.59000	     1.72684e-16	
      9073.49000	     1.84594e-16	
      9075.39000	     1.83866e-16	
      9077.29000	     1.80006e-16	
      9079.19000	     1.85072e-16	
      9081.09000	     1.84952e-16	
      9082.99000	     1.82423e-16	
      9084.89000	     1.83369e-16	
      9086.79000	     1.87307e-16	
      9088.69000	     1.89630e-16	
      9090.60000	     1.87013e-16	
      9092.50000	     1.90937e-16	
      9094.40000	     1.93345e-16	
      9096.30000	     1.90238e-16	
      9098.20000	     1.88561e-16	
      9100.10000	     1.87759e-16	
      9102.00000	     1.88093e-16	
      9103.90000	     1.90447e-16	
      9105.80000	     1.96034e-16	
      9107.70000	     2.02009e-16	
      9109.60000	     2.01650e-16	
      9111.51000	     2.00896e-16	
      9113.41000	     2.06655e-16	
      9115.31000	     2.06975e-16	
      9117.21000	     2.03697e-16	
      9119.11000	     2.00682e-16	
      9121.01000	     1.98147e-16	
      9122.91000	     1.99024e-16	
      9124.81000	     2.02673e-16	
      9126.71000	     2.07310e-16	
      9128.61000	     2.14620e-16	
      9130.52000	     2.15032e-16	
      9132.42000	     2.05845e-16	
      9134.32000	     1.90184e-16	
      9136.22000	     1.86180e-16	
      9138.12000	     1.92528e-16	
      9140.02000	     1.98250e-16	
      9141.92000	     2.05717e-16	
      9143.82000	     2.04230e-16	
      9145.72000	     2.00177e-16	
      9147.62000	     2.05172e-16	
      9149.52000	     2.15593e-16	
      9151.43000	     2.19826e-16	
      9153.33000	     2.20207e-16	
      9155.23000	     2.18218e-16	
      9157.13000	     2.10806e-16	
      9159.03000	     2.06794e-16	
      9160.93000	     2.09784e-16	
      9162.83000	     2.15299e-16	
      9164.73000	     2.16877e-16	
      9166.63000	     2.13340e-16	
      9168.53000	     2.07894e-16	
      9170.44000	     2.02704e-16	
      9172.34000	     1.98643e-16	
      9174.24000	     2.01847e-16	
      9176.14000	     2.10669e-16	
      9178.04000	     2.11205e-16	
      9179.94000	     2.09744e-16	
      9181.84000	     2.13078e-16	
      9183.74000	     2.23709e-16	
      9185.64000	     2.36597e-16	
      9187.54000	     2.33132e-16	
      9189.44000	     2.26973e-16	
      9191.35000	     2.25531e-16	
      9193.25000	     2.27470e-16	
      9195.15000	     2.30004e-16	
      9197.05000	     2.35626e-16	
      9198.95000	     2.41401e-16	
      9200.85000	     2.35510e-16	
      9202.75000	     2.27759e-16	
      9204.65000	     2.19916e-16	
      9206.55000	     2.13992e-16	
      9208.45000	     2.13110e-16	
      9210.36000	     2.18186e-16	
      9212.26000	     2.27573e-16	
      9214.16000	     2.35931e-16	
      9216.06000	     2.41455e-16	
      9217.96000	     2.38775e-16	
      9219.86000	     2.37237e-16	
      9221.76000	     2.39417e-16	
      9223.66000	     2.40202e-16	
      9225.56000	     2.33883e-16	
      9227.46000	     2.30994e-16	
      9229.36000	     2.31120e-16	
      9231.27000	     2.24259e-16	
      9233.17000	     2.23148e-16	
      9235.07000	     2.28296e-16	
      9236.97000	     2.35565e-16	
      9238.87000	     2.34293e-16	
      9240.77000	     2.30342e-16	
      9242.67000	     2.17853e-16	
      9244.57000	     2.12190e-16	
      9246.47000	     2.09130e-16	
      9248.37000	     2.12434e-16	
      9250.28000	     2.36623e-16	
      9252.18000	     2.46085e-16	
      9254.08000	     2.44996e-16	
      9255.98000	     2.37500e-16	
      9257.88000	     2.36514e-16	
      9259.78000	     2.37703e-16	
      9261.68000	     2.48550e-16	
      9263.58000	     2.51676e-16	
      9265.48000	     2.41294e-16	
      9267.38000	     2.37042e-16	
      9269.28000	     2.26430e-16	
      9271.19000	     2.13846e-16	
      9273.09000	     2.04864e-16	
      9274.99000	     2.04044e-16	
      9276.89000	     2.07039e-16	
      9278.79000	     2.14050e-16	
      9280.69000	     2.20397e-16	
      9282.59000	     2.24028e-16	
      9284.49000	     2.28600e-16	
      9286.39000	     2.22768e-16	
      9288.29000	     2.21749e-16	
      9290.20000	     2.23216e-16	
      9292.10000	     2.19680e-16	
      9294.00000	     2.21523e-16	
      9295.90000	     2.23111e-16	
      9297.80000	     2.19051e-16	
      9299.70000	     2.19796e-16	
      9301.60000	     2.19660e-16	
      9303.50000	     2.13202e-16	
      9305.40000	     2.12751e-16	
      9307.30000	     2.27954e-16	
      9309.21000	     2.34972e-16	
      9311.11000	     2.26244e-16	
      9313.01000	     2.09279e-16	
      9314.91000	     2.07204e-16	
      9316.81000	     2.11925e-16	
      9318.71000	     2.15146e-16	
      9320.61000	     2.02922e-16	
      9322.51000	     1.99764e-16	
      9324.41000	     2.00098e-16	
      9326.31000	     2.17406e-16	
      9328.21000	     2.16767e-16	
      9330.12000	     2.13308e-16	
      9332.02000	     2.17873e-16	
      9333.92000	     2.18853e-16	
      9335.82000	     2.20583e-16	
      9337.72000	     2.15189e-16	
      9339.62000	     2.04177e-16	
      9341.52000	     1.96750e-16	
      9343.42000	     2.08754e-16	
      9345.32000	     2.24947e-16	
      9347.22000	     2.27733e-16	
      9349.13000	     2.16744e-16	
      9351.03000	     2.00862e-16	
      9352.93000	     1.88041e-16	
      9354.83000	     1.93632e-16	
      9356.73000	     2.09942e-16	
      9358.63000	     2.18750e-16	
      9360.53000	     2.20522e-16	
      9362.43000	     2.17574e-16	
      9364.33000	     2.07425e-16	
      9366.23000	     1.98949e-16	
      9368.13000	     2.02054e-16	
      9370.04000	     2.12524e-16	
      9371.94000	     2.13328e-16	
      9373.84000	     2.03223e-16	
      9375.74000	     2.06084e-16	
      9377.64000	     2.12682e-16	
      9379.54000	     2.22650e-16	
      9381.44000	     2.38862e-16	
      9383.34000	     2.44079e-16	
      9385.24000	     2.60794e-16	
      9387.14000	     2.72158e-16	
      9389.04000	     2.70352e-16	
      9390.95000	     2.72835e-16	
      9392.85000	     2.74021e-16	
      9394.75000	     2.70220e-16	
      9396.65000	     2.63538e-16	
      9398.55000	     2.63608e-16	
      9400.45000	     2.66610e-16	
      9402.35000	     2.63352e-16	
      9404.25000	     2.60960e-16	
      9406.15000	     2.54076e-16	
      9408.05000	     2.44270e-16	
      9409.96000	     2.40070e-16	
      9411.86000	     2.44249e-16	
      9413.76000	     2.38116e-16	
      9415.66000	     2.30053e-16	
      9417.56000	     2.24723e-16	
      9419.46000	     2.20936e-16	
      9421.36000	     2.21651e-16	
      9423.26000	     2.12330e-16	
      9425.16000	     2.09572e-16	
      9427.06000	     2.23414e-16	
      9428.96000	     2.35488e-16	
      9430.87000	     2.53939e-16	
      9432.77000	     2.59718e-16	
      9434.67000	     2.51476e-16	
      9436.57000	     2.48982e-16	
      9438.47000	     2.46964e-16	
      9440.37000	     2.59489e-16	
      9442.27000	     2.65951e-16	
      9444.17000	     2.57232e-16	
      9446.07000	     2.53521e-16	
      9447.97000	     2.47253e-16	
      9449.87000	     2.44148e-16	
      9451.78000	     2.37039e-16	
      9453.68000	     2.38876e-16	
      9455.58000	     2.43642e-16	
      9457.48000	     2.43876e-16	
      9459.38000	     2.53685e-16	
      9461.28000	     2.70705e-16	
      9463.18000	     2.81436e-16	
      9465.08000	     2.73206e-16	
      9466.98000	     2.59240e-16	
      9468.88000	     2.50665e-16	
      9470.79000	     2.54172e-16	
      9472.69000	     2.59687e-16	
      9474.59000	     2.72080e-16	
      9476.49000	     2.64131e-16	
      9478.39000	     2.83254e-16	
      9480.29000	     2.79074e-16	
      9482.19000	     2.87151e-16	
      9484.09000	     3.05994e-16	
      9485.99000	     3.17685e-16	
      9487.89000	     3.12517e-16	
      9489.79000	     3.03266e-16	
      9491.70000	     2.96286e-16	
      9493.60000	     2.92561e-16	
      9495.50000	     2.85700e-16	
      9497.40000	     2.84206e-16	
      9499.30000	     2.86594e-16	
      9501.20000	     2.96738e-16	
      9503.10000	     2.90561e-16	
      9505.00000	     3.11758e-16	
      9506.90000	     3.19574e-16	
      9508.80000	     3.17551e-16	
      9510.71000	     3.06636e-16	
      9512.61000	     2.94874e-16	
      9514.51000	     2.88321e-16	
      9516.41000	     2.79545e-16	
      9518.31000	     2.72045e-16	
      9520.21000	     2.86438e-16	
      9522.11000	     2.83368e-16	
      9524.01000	     2.92274e-16	
      9525.91000	     2.88640e-16	
      9527.81000	     2.80851e-16	
      9529.71000	     2.86181e-16	
      9531.62000	     2.84921e-16	
      9533.52000	     2.80326e-16	
      9535.42000	     2.88806e-16	
      9537.32000	     2.90804e-16	
      9539.22000	     2.83089e-16	
      9541.12000	     2.73848e-16	
      9543.02000	     2.65121e-16	
      9544.92000	     2.66096e-16	
      9546.82000	     2.63013e-16	
      9548.72000	     2.56606e-16	
      9550.63000	     2.55208e-16	
      9552.53000	     2.63114e-16	
      9554.43000	     2.59581e-16	
      9556.33000	     2.68358e-16	
      9558.23000	     2.70259e-16	
      9560.13000	     2.62042e-16	
      9562.03000	     2.61268e-16	
      9563.93000	     2.61796e-16	
      9565.83000	     2.79792e-16	
      9567.73000	     2.84607e-16	
      9569.63000	     2.70496e-16	
      9571.54000	     2.75391e-16	
      9573.44000	     2.76341e-16	
      9575.34000	     2.75074e-16	
      9577.24000	     2.69939e-16	
      9579.14000	     2.69733e-16	
      9581.04000	     2.75235e-16	
      9582.94000	     2.67115e-16	
      9584.84000	     2.59675e-16	
      9586.74000	     2.57341e-16	
      9588.64000	     2.56941e-16	
      9590.54000	     2.57410e-16	
      9592.45000	     2.66686e-16	
      9594.35000	     2.72583e-16	
      9596.25000	     2.85085e-16	
      9598.15000	     3.05727e-16	
      9600.05000	     3.14422e-16	
      9601.95000	     3.11816e-16	
      9603.85000	     2.98865e-16	
      9605.75000	     2.91797e-16	
      9607.65000	     2.76053e-16	
      9609.55000	     2.57713e-16	
      9611.46000	     2.54707e-16	
      9613.36000	     2.62048e-16	
      9615.26000	     2.69931e-16	
      9617.16000	     2.68601e-16	
      9619.06000	     2.70288e-16	
      9620.96000	     2.63783e-16	
      9622.86000	     2.75088e-16	
      9624.76000	     2.77832e-16	
      9626.66000	     2.73120e-16	
      9628.56000	     2.65569e-16	
      9630.46000	     2.63507e-16	
      9632.37000	     2.52562e-16	
      9634.27000	     2.41819e-16	
      9636.17000	     2.40971e-16	
      9638.07000	     2.50879e-16	
      9639.97000	     2.55151e-16	
      9641.87000	     2.64571e-16	
      9643.77000	     2.77106e-16	
      9645.67000	     2.79576e-16	
      9647.57000	     2.82134e-16	
      9649.47000	     2.91219e-16	
      9651.38000	     3.05084e-16	
      9653.28000	     3.08354e-16	
      9655.18000	     3.20882e-16	
      9657.08000	     3.33574e-16	
      9658.98000	     3.29423e-16	
      9660.88000	     3.36791e-16	
      9662.78000	     3.38726e-16	
      9664.68000	     3.31920e-16	
      9666.58000	     3.29420e-16	
      9668.48000	     3.31462e-16	
      9670.38000	     3.31994e-16	
      9672.29000	     3.37260e-16	
      9674.19000	     3.36529e-16	
      9676.09000	     3.21492e-16	
      9677.99000	     3.11295e-16	
      9679.89000	     3.01916e-16	
      9681.79000	     2.98976e-16	
      9683.69000	     3.12755e-16	
      9685.59000	     3.23134e-16	
      9687.49000	     3.24251e-16	
      9689.39000	     3.29577e-16	
      9691.30000	     3.27629e-16	
      9693.20000	     3.30973e-16	
      9695.10000	     3.52234e-16	
      9697.00000	     3.54384e-16	
      9698.90000	     3.37699e-16	
      9700.80000	     3.32444e-16	
      9702.70000	     3.40456e-16	
      9704.60000	     3.39588e-16	
      9706.50000	     3.34555e-16	
      9708.40000	     3.45759e-16	
      9710.30000	     3.42007e-16	
      9712.21000	     3.29517e-16	
      9714.11000	     3.29589e-16	
      9716.01000	     3.21664e-16	
      9717.91000	     3.09403e-16	
      9719.81000	     3.03564e-16	
      9721.71000	     2.98503e-16	
      9723.61000	     3.01005e-16	
      9725.51000	     3.04589e-16	
      9727.41000	     3.02760e-16	
      9729.31000	     3.02556e-16	
      9731.22000	     3.07920e-16	
      9733.12000	     3.06997e-16	
      9735.02000	     2.97771e-16	
      9736.92000	     3.02723e-16	
      9738.82000	     3.07859e-16	
      9740.72000	     3.00589e-16	
      9742.62000	     2.95412e-16	
      9744.52000	     2.94156e-16	
      9746.42000	     2.99972e-16	
      9748.32000	     2.95744e-16	
      9750.23000	     2.98214e-16	
      9752.13000	     3.07818e-16	
      9754.03000	     3.14935e-16	
      9755.93000	     3.10864e-16	
      9757.83000	     3.06414e-16	
      9759.73000	     3.09786e-16	
      9761.63000	     3.12789e-16	
      9763.53000	     3.24749e-16	
      9765.43000	     3.27143e-16	
      9767.33000	     3.20537e-16	
      9769.23000	     3.22918e-16	
      9771.14000	     3.30561e-16	
      9773.04000	     3.28576e-16	
      9774.94000	     3.34456e-16	
      9776.84000	     3.36896e-16	
      9778.74000	     3.39553e-16	
      9780.64000	     3.45018e-16	
      9782.54000	     3.55260e-16	
      9784.44000	     3.63350e-16	
      9786.34000	     3.70910e-16	
      9788.24000	     3.86838e-16	
      9790.15000	     3.91990e-16	
      9792.05000	     3.88539e-16	
      9793.95000	     3.94863e-16	
      9795.85000	     4.07518e-16	
      9797.75000	     4.01233e-16	
      9799.65000	     3.90739e-16	
      9801.55000	     3.97504e-16	
      9803.45000	     4.04844e-16	
      9805.35000	     4.02687e-16	
      9807.25000	     3.89098e-16	
      9809.15000	     3.75124e-16	
      9811.06000	     3.65364e-16	
      9812.96000	     3.52174e-16	
      9814.86000	     3.53243e-16	
      9816.76000	     3.50624e-16	
      9818.66000	     3.48895e-16	
      9820.56000	     3.56982e-16	
      9822.46000	     3.57190e-16	
      9824.36000	     3.54536e-16	
      9826.26000	     3.57971e-16	
      9828.16000	     3.41437e-16	
      9830.07000	     3.44389e-16	
      9831.97000	     3.47145e-16	
      9833.87000	     3.46943e-16	
      9835.77000	     3.49890e-16	
      9837.67000	     3.40754e-16	
      9839.57000	     3.29696e-16	
      9841.47000	     3.35268e-16	
      9843.37000	     3.53176e-16	
      9845.27000	     3.41586e-16	
      9847.17000	     3.48676e-16	
      9849.07000	     3.48820e-16	
      9850.98000	     3.67035e-16	
      9852.88000	     3.68387e-16	
      9854.78000	     3.91572e-16	
      9856.68000	     3.92558e-16	
      9858.58000	     3.98957e-16	
      9860.48000	     4.06540e-16	
      9862.38000	     3.97637e-16	
      9864.28000	     3.94227e-16	
      9866.18000	     3.98583e-16	
      9868.08000	     4.14573e-16	
      9869.99000	     4.30170e-16	
      9871.89000	     4.18923e-16	
      9873.79000	     4.02631e-16	
      9875.69000	     4.01654e-16	
      9877.59000	     4.11586e-16	
      9879.49000	     4.13853e-16	
      9881.39000	     4.14577e-16	
      9883.29000	     4.04758e-16	
      9885.19000	     3.99323e-16	
      9887.09000	     3.82961e-16	
      9888.99000	     3.68854e-16	
      9890.90000	     3.32869e-16	
      9892.80000	     3.07826e-16	
      9894.70000	     2.90061e-16	
      9896.60000	     2.70653e-16	
      9898.50000	     2.51906e-16	
      9900.40000	     2.41458e-16	
      9902.30000	     2.28689e-16	
      9904.20000	     2.25917e-16	
      9906.10000	     2.23241e-16	
      9908.00000	     2.18838e-16	
      9909.91000	     2.20508e-16	
      9911.81000	     2.22256e-16	
      9913.71000	     2.27798e-16	
      9915.61000	     2.30037e-16	
      9917.51000	     2.14807e-16	
      9919.41000	     2.11776e-16	
      9921.31000	     2.11435e-16	
      9923.21000	     2.19810e-16	
      9925.11000	     2.34518e-16	
      9927.01000	     2.36538e-16	
      9928.91000	     2.47318e-16	
      9930.82000	     2.49992e-16	
      9932.72000	     2.58761e-16	
      9934.62000	     2.69394e-16	
      9936.52000	     2.83980e-16	
      9938.42000	     2.80348e-16	
      9940.32000	     2.85173e-16	
      9942.22000	     3.06984e-16	
      9944.12000	     3.01911e-16	
      9946.02000	     3.11852e-16	
      9947.92000	     3.11681e-16	
      9949.83000	     2.89474e-16	
      9951.73000	     2.84940e-16	
      9953.63000	     2.69925e-16	
      9955.53000	     2.65497e-16	
      9957.43000	     2.60979e-16	
      9959.33000	     2.75638e-16	
      9961.23000	     2.75199e-16	
      9963.13000	     2.52139e-16	
      9965.03000	     2.37122e-16	
      9966.93000	     2.21857e-16	
      9968.83000	     2.14623e-16	
      9970.74000	     2.11064e-16	
      9972.64000	     2.15879e-16	
      9974.54000	     2.31800e-16	
      9976.44000	     2.23773e-16	
      9978.34000	     2.25135e-16	
      9980.24000	     2.17493e-16	
      9982.14000	     2.09936e-16	
      9984.04000	     2.11474e-16	
      9985.94000	     2.09163e-16	
      9987.84000	     2.22805e-16	
      9989.75000	     2.19332e-16	
      9991.65000	     2.15841e-16	
      9993.55000	     2.30840e-16	
      9995.45000	     2.44220e-16	
      9997.35000	     2.60258e-16	
      9999.25000	     2.65272e-16	
     10001.20000	     2.85247e-16	
     10003.10000	     2.89725e-16	
     10005.00000	     2.81705e-16	
     10006.90000	     2.85867e-16	
     10008.80000	     2.98268e-16	
     10010.70000	     3.04250e-16	
     10012.60000	     2.94645e-16	
     10014.50000	     3.01212e-16	
     10016.40000	     2.90089e-16	
     10018.30000	     2.82125e-16	
     10020.20000	     2.85981e-16	
     10022.10000	     2.75787e-16	
     10024.00000	     2.79952e-16	
     10025.90000	     2.75190e-16	
     10027.80000	     2.68240e-16	
     10029.70000	     2.56207e-16	
     10031.60000	     2.53246e-16	
     10033.50000	     2.47216e-16	
     10035.40000	     2.60163e-16	
     10037.30000	     2.68955e-16	
     10039.20000	     2.64520e-16	
     10041.10000	     2.64475e-16	
     10043.00000	     2.64319e-16	
     10044.90000	     2.47628e-16	
     10046.80000	     2.44502e-16	
     10048.70000	     2.36995e-16	
     10050.60000	     2.28553e-16	
     10052.50000	     2.26289e-16	
     10054.40000	     2.45433e-16	
     10056.30000	     2.51872e-16	
     10058.20000	     2.53994e-16	
     10060.10000	     2.68500e-16	
     10062.00000	     3.00099e-16	
     10063.90000	     3.11750e-16	
     10065.80000	     3.15521e-16	
     10067.70000	     3.16915e-16	
     10069.60000	     3.14277e-16	
     10071.50000	     2.98228e-16	
     10073.40000	     3.03120e-16	
     10075.30000	     3.07210e-16	
     10077.20000	     2.81242e-16	
     10079.10000	     2.80185e-16	
     10081.00000	     3.05581e-16	
     10082.90000	     2.95930e-16	
     10084.80000	     2.72516e-16	
     10086.70000	     2.65588e-16	
     10088.60000	     2.73264e-16	
     10090.50000	     2.72983e-16	
     10092.40000	     2.70361e-16	
     10094.30000	     2.95760e-16	
     10096.20000	     3.12589e-16	
     10098.10000	     3.13041e-16	
     10261.50000	     4.67649e-16	
     10274.00000	     4.36378e-16	
     10286.40000	     4.33792e-16	
     10298.90000	     4.66945e-16	
     10311.30000	     4.85205e-16	
     10323.80000	     4.90843e-16	
     10336.30000	     4.85561e-16	
     10348.70000	     4.84911e-16	
     10361.20000	     5.01755e-16	
     10373.60000	     5.09576e-16	
     10386.10000	     5.27150e-16	
     10398.60000	     5.21824e-16	
     10411.00000	     5.03310e-16	
     10423.50000	     5.20931e-16	
     10435.90000	     5.30533e-16	
     10448.40000	     5.22593e-16	
     10460.80000	     5.09850e-16	
     10473.30000	     5.35002e-16	
     10485.80000	     5.45173e-16	
     10498.20000	     5.32153e-16	
     10510.70000	     5.34752e-16	
     10523.10000	     5.54711e-16	
     10535.60000	     5.58183e-16	
     10548.00000	     5.43039e-16	
     10560.50000	     5.32150e-16	
     10573.00000	     5.33712e-16	
     10585.40000	     5.40781e-16	
     10597.90000	     5.29168e-16	
     10610.30000	     5.25312e-16	
     10622.80000	     5.38557e-16	
     10635.20000	     5.58650e-16	
     10647.70000	     5.64979e-16	
     10660.20000	     5.53656e-16	
     10672.60000	     5.54861e-16	
     10685.10000	     5.72321e-16	
     10697.50000	     5.98535e-16	
     10710.00000	     6.05572e-16	
     10722.40000	     6.05031e-16	
     10734.90000	     6.09726e-16	
     10747.30000	     6.06103e-16	
     10759.80000	     6.05431e-16	
     10772.30000	     6.25615e-16	
     10784.70000	     6.30147e-16	
     10797.20000	     6.25981e-16	
     10809.60000	     6.33301e-16	
     10822.10000	     6.67713e-16	
     10834.50000	     6.74493e-16	
     10847.00000	     6.68452e-16	
     10859.40000	     6.60009e-16	
     10871.90000	     6.72476e-16	
     10884.30000	     6.83744e-16	
     10896.80000	     6.71330e-16	
     10909.30000	     6.76903e-16	
     10921.70000	     7.09359e-16	
     10934.20000	     7.38851e-16	
     10946.60000	     7.43764e-16	
     10959.10000	     7.22918e-16	
     10971.50000	     6.91007e-16	
     10984.00000	     6.85203e-16	
     10996.40000	     6.81396e-16	
     11008.90000	     6.77443e-16	
     11021.30000	     6.95603e-16	
     11033.80000	     7.00270e-16	
     11046.20000	     6.73070e-16	
     11058.70000	     6.67179e-16	
     11071.20000	     6.76067e-16	
     11083.60000	     6.85675e-16	
     11096.10000	     6.77481e-16	
     11108.50000	     6.45400e-16	
     11121.00000	     6.59243e-16	
     11133.40000	     7.09838e-16	
     11145.90000	     7.20125e-16	
     11158.30000	     6.93482e-16	
     11170.80000	     6.95124e-16	
     11183.20000	     6.86624e-16	
     11195.70000	     6.60838e-16	
     11208.10000	     6.64593e-16	
     11220.60000	     6.70164e-16	
     11233.00000	     6.76371e-16	
     11245.50000	     6.84822e-16	
     11257.90000	     6.94192e-16	
     11270.40000	     7.03440e-16	
     11282.80000	     7.03276e-16	
     11295.30000	     7.10902e-16	
     11307.70000	     7.17214e-16	
     11320.20000	     7.05279e-16	
     11332.60000	     6.82978e-16	
     11345.10000	     6.51348e-16	
     11357.50000	     6.34222e-16	
     11370.00000	     6.04470e-16	
     11382.40000	     5.87677e-16	
     11394.90000	     5.76572e-16	
     11407.30000	     5.91246e-16	
     11419.80000	     6.29327e-16	
     11432.20000	     6.76428e-16	
     11444.70000	     6.99929e-16	
     11457.10000	     7.12260e-16	
     11469.60000	     7.54280e-16	
     11482.00000	     7.97596e-16	
     11494.50000	     8.07523e-16	
     11506.90000	     7.87867e-16	
     11519.40000	     7.51618e-16	
     11531.80000	     7.40931e-16	
     11544.30000	     7.49447e-16	
     11556.70000	     7.62649e-16	
     11569.20000	     7.82922e-16	
     11581.60000	     7.89426e-16	
     11594.10000	     7.95956e-16	
     11606.50000	     8.00271e-16	
     11619.00000	     8.02503e-16	
     11631.40000	     7.84723e-16	
     11643.90000	     7.64172e-16	
     11656.30000	     7.61797e-16	
     11668.80000	     7.15835e-16	
     11681.20000	     6.24184e-16	
     11693.70000	     6.06497e-16	
     11706.10000	     6.78967e-16	
     11718.50000	     7.20125e-16	
     11731.00000	     7.33128e-16	
     11743.40000	     7.22667e-16	
     11755.90000	     6.42612e-16	
     11768.30000	     5.54776e-16	
     11780.80000	     5.81478e-16	
     11793.20000	     6.72051e-16	
     11805.70000	     7.16285e-16	
     11818.10000	     7.42790e-16	
     11830.60000	     7.59022e-16	
     11843.00000	     7.80193e-16	
     11855.50000	     7.91066e-16	
     11867.90000	     7.78985e-16	
     11880.30000	     7.62246e-16	
     11892.80000	     7.59607e-16	
     11905.20000	     7.68221e-16	
     11917.70000	     7.76124e-16	
     11930.10000	     7.56826e-16	
     11942.60000	     7.12900e-16	
     11955.00000	     6.84192e-16	
     11967.50000	     6.80302e-16	
     11979.90000	     6.62178e-16	
     11992.40000	     6.53741e-16	
     12004.80000	     6.28475e-16	
     12017.20000	     6.39307e-16	
     12029.70000	     6.94564e-16	
     12042.10000	     7.34717e-16	
     12054.60000	     7.41238e-16	
     12067.00000	     7.58748e-16	
     12079.50000	     7.90297e-16	
     12091.90000	     7.63878e-16	
     12104.40000	     7.18842e-16	
     12116.80000	     7.35175e-16	
     12129.20000	     7.72534e-16	
     12141.70000	     7.86808e-16	
     12154.10000	     7.92742e-16	
     12166.60000	     8.08222e-16	
     12179.00000	     8.24228e-16	
     12191.50000	     8.32656e-16	
     12203.90000	     8.07040e-16	
     12216.30000	     7.92201e-16	
     12228.80000	     8.40760e-16	
     12241.20000	     8.85775e-16	
     12253.70000	     8.91206e-16	
     12266.10000	     8.76397e-16	
     12278.60000	     8.60594e-16	
     12291.00000	     8.39755e-16	
     12303.40000	     8.49162e-16	
     12315.90000	     8.51469e-16	
     12328.30000	     8.28030e-16	
     12340.80000	     8.06919e-16	
     12353.20000	     8.13963e-16	
     12365.70000	     8.25079e-16	
     12378.10000	     8.14328e-16	
     12390.50000	     7.87516e-16	
     12403.00000	     7.53288e-16	
     12415.40000	     7.13645e-16	
     12427.90000	     6.98542e-16	
     12440.30000	     7.40651e-16	
     12452.70000	     8.03420e-16	
     12465.20000	     8.31801e-16	
     12477.60000	     8.31584e-16	
     12490.10000	     8.08932e-16	
     12502.50000	     7.57971e-16	
     12514.90000	     7.04830e-16	
     12527.40000	     7.52514e-16	
     12539.80000	     8.44375e-16	
     12552.30000	     8.86254e-16	
     12564.70000	     9.05297e-16	
     12577.10000	     9.26159e-16	
     12589.60000	     9.34537e-16	
     12602.00000	     9.34332e-16	
     12614.50000	     9.57094e-16	
     12626.90000	     9.56688e-16	
     12639.30000	     9.50464e-16	
     12651.80000	     9.55944e-16	
     12664.20000	     9.66616e-16	
     12676.70000	     9.74844e-16	
     12689.10000	     9.62699e-16	
     12701.50000	     9.51003e-16	
     12714.00000	     9.67099e-16	
     12726.40000	     9.66131e-16	
     12738.90000	     9.55870e-16	
     12751.30000	     9.62548e-16	
     12763.70000	     9.73619e-16	
     12776.20000	     9.85484e-16	
     12788.60000	     9.79294e-16	
     12801.00000	     9.73598e-16	
     12813.50000	     9.89380e-16	
     12825.90000	     1.00588e-15	
     12838.40000	     9.94663e-16	
     12850.80000	     9.64133e-16	
     12863.20000	     9.49417e-16	
     12875.70000	     9.43905e-16	
     12888.10000	     9.53836e-16	
     12900.60000	     9.70212e-16	
     12913.00000	     9.70507e-16	
     12925.40000	     9.64320e-16	
     12937.90000	     9.64745e-16	
     12950.30000	     9.68831e-16	
     12962.70000	     9.65470e-16	
     12975.20000	     9.80634e-16	
     12987.60000	     9.95950e-16	
     13000.00000	     9.71672e-16	
     13012.50000	     9.56000e-16	
     13024.90000	     9.72261e-16	
     13037.40000	     9.80889e-16	
     13049.80000	     9.74266e-16	
     13062.20000	     9.66275e-16	
     13074.70000	     9.67481e-16	
     13087.10000	     9.75653e-16	
     13099.50000	     9.77575e-16	
     13112.00000	     9.70796e-16	
     13124.40000	     9.69395e-16	
     13136.80000	     9.89598e-16	
     13149.30000	     9.98990e-16	
     13161.70000	     9.97991e-16	
     13174.10000	     9.96602e-16	
     13186.60000	     1.00502e-15	
     13199.00000	     9.93710e-16	
     13211.40000	     9.95930e-16	
     13223.90000	     1.00344e-15	
     13236.30000	     9.81904e-16	
     13248.70000	     9.62257e-16	
     13261.20000	     9.60937e-16	
     13273.60000	     9.51692e-16	
     13286.10000	     9.23492e-16	
     13298.50000	     8.75716e-16	
     13310.90000	     8.33891e-16	
     13323.40000	     7.97547e-16	
     13335.80000	     7.37079e-16	
     13348.20000	     6.58999e-16	
     13360.70000	     6.21044e-16	
     13373.10000	     6.26571e-16	
     13385.50000	     6.53895e-16	
     13398.00000	     6.63764e-16	
     13410.40000	     6.64504e-16	
     14116.80000	     5.63042e-16	
     14166.80000	     6.31258e-16	
     14191.90000	     5.54489e-16	
     14216.90000	     5.37546e-16	
     14241.90000	     5.36312e-16	
     14266.90000	     5.49302e-16	
     14292.00000	     5.57517e-16	
     14317.00000	     5.51497e-16	
     14342.00000	     5.73135e-16	
     14367.10000	     5.96816e-16	
     14392.10000	     5.97783e-16	
     14417.10000	     5.87064e-16	
     14442.10000	     5.68033e-16	
     14467.20000	     5.70502e-16	
     14492.20000	     5.94452e-16	
     14517.20000	     6.21147e-16	
     14542.20000	     6.30355e-16	
     14567.20000	     6.37631e-16	
     14592.30000	     6.31331e-16	
     14617.30000	     6.25259e-16	
     14642.30000	     6.24976e-16	
     14667.30000	     6.30948e-16	
     14692.30000	     6.40610e-16	
     14717.30000	     6.38574e-16	
     14742.40000	     6.38660e-16	
     14767.40000	     6.44531e-16	
     14792.40000	     6.48054e-16	
     14817.40000	     6.48722e-16	
     14842.40000	     6.61230e-16	
     14867.40000	     6.72021e-16	
     14892.40000	     6.86968e-16	
     14917.40000	     6.99488e-16	
     14942.50000	     7.07378e-16	
     14967.50000	     7.18658e-16	
     14992.50000	     7.26709e-16	
     15017.50000	     7.31795e-16	
     15042.50000	     7.34017e-16	
     15067.50000	     7.34932e-16	
     15092.50000	     7.47750e-16	
     15117.50000	     7.58473e-16	
     15142.50000	     7.68919e-16	
     15167.50000	     7.71243e-16	
     15192.50000	     7.78997e-16	
     15217.50000	     7.93977e-16	
     15242.50000	     8.09900e-16	
     15267.50000	     8.24460e-16	
     15292.50000	     8.32446e-16	
     15317.50000	     8.34856e-16	
     15342.50000	     8.37704e-16	
     15367.50000	     8.49892e-16	
     15392.50000	     8.62461e-16	
     15417.50000	     8.63919e-16	
     15442.50000	     8.78806e-16	
     15467.50000	     8.96244e-16	
     15492.50000	     9.01990e-16	
     15517.50000	     9.11818e-16	
     15542.50000	     9.19693e-16	
     15567.40000	     9.20339e-16	
     15592.40000	     9.17399e-16	
     15617.40000	     9.26441e-16	
     15642.40000	     9.29165e-16	
     15667.40000	     9.36981e-16	
     15692.40000	     9.33736e-16	
     15717.40000	     9.31094e-16	
     15742.40000	     9.48640e-16	
     15767.30000	     9.64810e-16	
     15792.30000	     9.51389e-16	
     15817.30000	     9.21597e-16	
     15842.30000	     9.14766e-16	
     15867.30000	     9.47381e-16	
     15892.30000	     9.70217e-16	
     15917.20000	     9.58857e-16	
     15942.20000	     9.41875e-16	
     15967.20000	     9.44715e-16	
     15992.20000	     9.46702e-16	
     16017.10000	     9.41693e-16	
     16042.10000	     9.17490e-16	
     16067.10000	     9.10783e-16	
     16092.10000	     9.17176e-16	
     16117.10000	     9.03969e-16	
     16142.00000	     8.98893e-16	
     16167.00000	     9.15205e-16	
     16192.00000	     9.41063e-16	
     16216.90000	     9.47977e-16	
     16241.90000	     9.22765e-16	
     16266.90000	     8.96442e-16	
     16291.90000	     9.03555e-16	
     16316.80000	     9.27377e-16	
     16341.80000	     9.43986e-16	
     16366.80000	     9.40326e-16	
     16391.70000	     9.35855e-16	
     16416.70000	     9.50213e-16	
     16441.70000	     9.64976e-16	
     16466.60000	     9.71898e-16	
     16491.60000	     9.74026e-16	
     16516.50000	     9.78075e-16	
     16541.50000	     9.82679e-16	
     16566.50000	     9.94734e-16	
     16591.40000	     9.87845e-16	
     16616.40000	     9.84302e-16	
     16641.30000	     9.98320e-16	
     16666.30000	     9.90114e-16	
     16691.30000	     9.79358e-16	
     16716.20000	     9.93542e-16	
     16741.20000	     9.87771e-16	
     16766.10000	     9.90387e-16	
     16791.10000	     1.00753e-15	
     16816.00000	     1.02015e-15	
     16841.00000	     1.01537e-15	
     16865.90000	     1.00027e-15	
     16890.90000	     9.93029e-16	
     16915.90000	     1.01104e-15	
     16940.80000	     1.00919e-15	
     16965.80000	     1.00049e-15	
     16990.70000	     1.00525e-15	
     17015.60000	     1.00849e-15	
     17040.60000	     1.00964e-15	
     17065.50000	     1.00038e-15	
     17090.50000	     9.99818e-16	
     17115.40000	     9.97367e-16	
     17140.40000	     9.70722e-16	
     17165.30000	     9.49716e-16	
     17190.30000	     9.51662e-16	
     17215.20000	     9.60944e-16	
     17240.10000	     9.47919e-16	
     17265.10000	     9.12787e-16	
     17290.00000	     9.13276e-16	
     17315.00000	     9.08738e-16	
     17339.90000	     9.02578e-16	
     17364.80000	     8.90796e-16	
     17389.80000	     8.67653e-16	
     17414.70000	     8.56930e-16	
     17439.70000	     8.63016e-16	
     17464.60000	     8.58462e-16	
     17489.50000	     8.37332e-16	
     17514.50000	     8.18098e-16	
     17539.40000	     8.00675e-16	
     17564.30000	     7.82481e-16	
     17589.30000	     7.82679e-16	
     17614.20000	     7.84299e-16	
     17639.10000	     7.64331e-16	
     17664.00000	     7.32906e-16	
     17689.00000	     7.23311e-16	
     17713.90000	     7.27656e-16	
     17738.80000	     7.18835e-16	
     17763.80000	     7.06079e-16	
     17788.70000	     7.07821e-16	
     17813.60000	     7.00236e-16	
     17838.50000	     6.73113e-16	
     17863.40000	     6.41250e-16	
     17888.40000	     6.51465e-16	
     17913.30000	     6.53755e-16	
     17938.20000	     6.41831e-16	
     17963.10000	     6.43792e-16	
     17988.10000	     6.42206e-16	
     18013.00000	     6.13576e-16	
     18037.90000	     5.95061e-16	
     18062.80000	     5.89630e-16	
     18087.70000	     6.04378e-16	
     18112.60000	     6.28478e-16	
     18137.60000	     6.40975e-16	
     18162.50000	     6.30587e-16	
     18187.40000	     6.05406e-16	
     18212.30000	     6.06469e-16	
     18237.20000	     6.35406e-16	
     18262.10000	     6.36112e-16	
     18287.00000	     5.85407e-16	
     18311.90000	     5.62283e-16	
     18336.80000	     5.87310e-16	
     18361.80000	     5.73979e-16	
     18386.70000	     5.06269e-16	
     18411.60000	     5.24954e-16	
     18436.50000	     4.68287e-16	
     18511.20000	     4.63251e-16	
     18536.10000	     5.89312e-16	
     18561.00000	     5.44042e-16	
     18585.90000	     4.88173e-16	
     18610.80000	     4.82951e-16	
     18635.70000	     5.15949e-16	
     18660.60000	     5.61064e-16	
     18685.50000	     6.28628e-16	
     18710.40000	     7.10637e-16	
     18735.30000	     4.71374e-16	
     18760.20000	     4.85375e-16	
     18785.10000	     5.42227e-16	
     18810.00000	     5.88283e-16	
     18834.90000	     5.88263e-16	
     18859.80000	     5.67813e-16	
     18884.70000	     5.71106e-16	
     18909.60000	     5.56705e-16	
     18934.40000	     5.56048e-16	
     18959.30000	     5.99365e-16	
     18984.20000	     6.37288e-16	
     19009.10000	     6.32031e-16	
     19034.00000	     6.18342e-16	
     19058.90000	     6.00709e-16	
     19083.80000	     6.11352e-16	
     19108.70000	     6.19254e-16	
     19133.60000	     5.92238e-16	
     19158.40000	     6.13532e-16	
     19183.30000	     6.35599e-16	
     19208.20000	     6.01913e-16	
     19233.10000	     5.91411e-16	
     19258.00000	     5.98329e-16	
     19282.80000	     5.68813e-16	
     19307.70000	     5.42348e-16	
     19332.60000	     5.53290e-16	
     19357.50000	     5.65330e-16	
     19382.40000	     5.55062e-16	
     19407.20000	     5.77047e-16	
     19432.10000	     6.18360e-16	
     19457.00000	     6.11124e-16	
     19481.90000	     5.86607e-16	
     19506.70000	     5.82367e-16	
     19531.60000	     5.68255e-16	
     19556.50000	     5.48823e-16	
     19581.40000	     5.52920e-16	
     19618.00000	     5.58312e-16	
     19643.00000	     5.64950e-16	
     19667.90000	     5.89750e-16	
     19692.80000	     6.00489e-16	
     19717.80000	     5.88047e-16	
     19742.70000	     5.58470e-16	
     19767.60000	     5.51896e-16	
     19792.60000	     5.57576e-16	
     19817.50000	     5.60346e-16	
     19842.40000	     5.63406e-16	
     19867.40000	     5.58457e-16	
     19892.30000	     5.45600e-16	
     19917.20000	     5.60776e-16	
     19942.20000	     5.62050e-16	
     19967.10000	     5.44827e-16	
     19992.00000	     5.32025e-16	
     20017.00000	     5.19784e-16	
     20041.90000	     5.12321e-16	
     20066.90000	     5.20454e-16	
     20091.80000	     5.45954e-16	
     20116.70000	     5.75866e-16	
     20141.70000	     5.88485e-16	
     20166.60000	     5.55158e-16	
     20191.50000	     5.51331e-16	
     20216.50000	     5.81766e-16	
     20241.40000	     5.81549e-16	
     20266.30000	     5.78080e-16	
     20291.30000	     5.94735e-16	
     20316.20000	     6.19214e-16	
     20341.20000	     6.32078e-16	
     20366.10000	     6.37004e-16	
     20391.00000	     6.39988e-16	
     20416.00000	     6.27171e-16	
     20440.90000	     6.21908e-16	
     20465.80000	     6.28515e-16	
     20490.80000	     6.23530e-16	
     20515.70000	     6.11027e-16	
     20540.70000	     6.10003e-16	
     20565.60000	     6.21245e-16	
     20590.50000	     6.31528e-16	
     20615.50000	     6.38081e-16	
     20640.40000	     6.40633e-16	
     20665.30000	     6.48826e-16	
     20690.30000	     6.51543e-16	
     20715.20000	     6.58712e-16	
     20740.20000	     6.72968e-16	
     20765.10000	     6.83204e-16	
     20790.00000	     6.83239e-16	
     20815.00000	     6.80149e-16	
     20839.90000	     6.81001e-16	
     20864.90000	     6.90094e-16	
     20889.80000	     6.92427e-16	
     20914.70000	     6.96778e-16	
     20939.70000	     7.00762e-16	
     20964.60000	     7.08103e-16	
     20989.60000	     7.23554e-16	
     21014.50000	     7.38313e-16	
     21039.40000	     7.38958e-16	
     21064.40000	     7.36797e-16	
     21089.30000	     7.33097e-16	
     21114.30000	     7.34287e-16	
     21139.20000	     7.24306e-16	
     21164.20000	     7.17824e-16	
     21189.10000	     7.41539e-16	
     21214.00000	     7.54534e-16	
     21239.00000	     7.53196e-16	
     21263.90000	     7.43664e-16	
     21288.90000	     7.46583e-16	
     21313.80000	     7.51591e-16	
     21338.80000	     7.61709e-16	
     21363.70000	     7.70257e-16	
     21388.60000	     7.59317e-16	
     21413.60000	     7.56428e-16	
     21438.50000	     7.77781e-16	
     21463.50000	     7.78942e-16	
     21488.40000	     7.64834e-16	
     21513.40000	     7.66273e-16	
     21538.30000	     7.71796e-16	
     21563.20000	     7.70932e-16	
     21588.20000	     7.65438e-16	
     21613.10000	     7.62289e-16	
     21638.10000	     7.70233e-16	
     21663.00000	     7.66883e-16	
     21688.00000	     7.66036e-16	
     21712.90000	     7.71417e-16	
     21737.90000	     7.78800e-16	
     21762.80000	     7.91320e-16	
     21787.80000	     8.05996e-16	
     21812.70000	     7.93641e-16	
     21837.60000	     7.84430e-16	
     21862.60000	     7.92836e-16	
     21887.50000	     7.93144e-16	
     21912.50000	     7.72755e-16	
     21937.40000	     7.61253e-16	
     21962.40000	     7.75704e-16	
     21987.30000	     7.89793e-16	
     22012.30000	     7.80741e-16	
     22037.20000	     7.61182e-16	
     22062.20000	     7.51763e-16	
     22087.10000	     7.52988e-16	
     22112.10000	     7.60246e-16	
     22137.00000	     7.81256e-16	
     22162.00000	     7.77663e-16	
     22186.90000	     7.62496e-16	
     22211.90000	     7.69340e-16	
     22236.80000	     7.76467e-16	
     22261.70000	     7.74058e-16	
     22286.70000	     7.66889e-16	
     22311.60000	     7.52047e-16	
     22336.60000	     7.46784e-16	
     22361.50000	     7.58790e-16	
     22386.50000	     7.62608e-16	
     22411.40000	     7.43292e-16	
     22436.40000	     7.27100e-16	
     22461.30000	     7.23738e-16	
     22486.30000	     7.20949e-16	
     22511.20000	     7.32032e-16	
     22536.20000	     7.34204e-16	
     22561.10000	     7.32393e-16	
     22586.10000	     7.22151e-16	
     22611.00000	     7.21808e-16	
     22636.00000	     7.23418e-16	
     22660.90000	     7.33062e-16	
     22685.90000	     7.34406e-16	
     22710.80000	     7.19996e-16	
     22735.80000	     7.19896e-16	
     22760.80000	     7.28722e-16	
     22785.70000	     7.21145e-16	
     22810.70000	     7.10270e-16	
     22835.60000	     7.00016e-16	
     22860.60000	     6.96908e-16	
     22885.50000	     6.63827e-16	
     22910.50000	     6.02188e-16	
     22935.40000	     5.23874e-16	
     22960.40000	     5.02464e-16	
     22985.30000	     5.16453e-16	
     23010.30000	     5.31131e-16	
     23035.20000	     5.53582e-16	
     23060.20000	     5.44973e-16	
     23085.10000	     5.35998e-16	
     23110.10000	     5.58078e-16	
     23135.00000	     5.52303e-16	
     23160.00000	     5.33287e-16	
     23185.00000	     5.37641e-16	
     23209.90000	     5.17629e-16	
     23234.90000	     4.93034e-16	
     23259.80000	     4.74223e-16	
     23284.80000	     4.70841e-16	
     23309.70000	     5.05331e-16	
     23334.70000	     5.20686e-16	
     23359.60000	     5.25224e-16	
     23384.60000	     5.42823e-16	
     23409.50000	     5.51272e-16	
     23434.50000	     5.39506e-16	
     23459.50000	     5.27972e-16	
     23484.40000	     5.31244e-16	
     23509.40000	     5.28874e-16	
     23534.30000	     5.11403e-16	
     23559.30000	     5.10314e-16	
     23584.20000	     4.82519e-16	
     23609.20000	     4.65541e-16	
     23634.20000	     4.81200e-16	
     23659.10000	     5.15537e-16	
     23684.10000	     5.33266e-16	
     23709.00000	     5.09099e-16	
     23734.00000	     4.98822e-16	
     23758.90000	     4.89116e-16	
     23783.90000	     4.63278e-16	
     23808.90000	     4.38867e-16	
     23833.80000	     4.42303e-16	
     23858.80000	     4.77064e-16	
     23883.70000	     5.08802e-16	
     23908.70000	     5.22415e-16	
     23933.60000	     5.07650e-16	
     23958.60000	     4.85624e-16	
     23983.60000	     4.77562e-16	
     24008.50000	     4.82725e-16	
     24033.50000	     4.57075e-16	
     24058.40000	     4.60107e-16	
     24083.40000	     4.73570e-16	
     24108.40000	     4.57333e-16	
     24133.30000	     4.44089e-16	
     24158.30000	     4.64442e-16	
     24183.20000	     4.88907e-16	
     24208.20000	     5.09430e-16	
     24233.20000	     4.67962e-16	
     24258.10000	     4.60242e-16	
     24283.10000	     4.84184e-16	
     24308.00000	     4.42082e-16	
     24333.00000	     3.64989e-16	
     24358.00000	     3.79897e-16	
     24382.90000	     4.18349e-16	
     24407.90000	     4.18116e-16	
     24432.90000	     3.95531e-16	
     24457.80000	     3.55377e-16	
     24482.80000	     3.78527e-16	
     24507.70000	     3.88428e-16	
     24532.70000	     4.12429e-16	
     24557.70000	     4.10976e-16	
     24582.60000	     4.05908e-16	
     24607.60000	     3.97781e-16	
     24632.60000	     3.94351e-16	
     24657.50000	     3.92565e-16	
     24682.50000	     3.63275e-16	
     24707.40000	     3.22169e-16	
     24732.40000	     3.76759e-16	
     24757.40000	     4.09759e-16	
     24782.30000	     3.63513e-16	
     24807.30000	     4.02352e-16	
     24832.30000	     4.48550e-16	
     24857.20000	     3.91864e-16	
     24882.20000	     3.16355e-16	
     24907.20000	     2.59332e-16	
     24932.10000	     2.35345e-16	
     24957.10000	     3.00286e-16	
     24982.00000	     3.52970e-16	
     25007.00000	     4.03601e-16	
     25032.00000	     3.92343e-16	
     25056.90000	     3.41801e-16	
     25081.90000	     3.02996e-16	
     25106.90000	     2.73397e-16	
     25131.80000	     2.17367e-16	
     25206.70000	     3.59992e-16	
