      5853.28      0.00000
      5854.63  1.34394e-17
      5855.98  1.46104e-17
      5857.34  1.46378e-17
      5858.69 -5.00519e-18
      5860.04 -2.28436e-17
      5861.39 -1.87733e-17
      5862.75 -8.50130e-19
      5864.10  6.64918e-18
      5865.45 -5.08892e-18
      5866.80 -2.45813e-17
      5868.16 -1.22094e-17
      5869.51 -2.60301e-17
      5870.86 -1.45010e-17
      5872.21  6.53584e-18
      5873.57 -1.89786e-17
      5874.92 -2.57513e-17
      5876.27 -1.52339e-17
      5877.62 -2.02753e-17
      5878.98 -2.97603e-17
      5880.33 -2.51596e-17
      5881.68 -1.18112e-17
      5883.03 -1.99598e-18
      5884.38  5.86403e-18
      5885.74  6.88840e-18
      5887.09 -2.59982e-18
      5888.44 -4.40441e-18
      5889.79  2.73137e-17
      5891.15 -1.71453e-17
      5892.50 -3.67510e-18
      5893.85  2.95028e-17
      5895.20  1.34979e-17
      5896.56  2.64382e-17
      5897.91  3.10386e-17
      5899.26  4.42669e-17
      5900.61  2.92657e-17
      5901.97  1.33009e-17
      5903.32 -1.17102e-17
      5904.67  1.96350e-17
      5906.02  9.48650e-18
      5907.38 -9.65501e-19
      5908.73  2.61511e-17
      5910.08 -7.42621e-18
      5911.43 -4.12653e-18
      5912.78 -2.92963e-17
      5914.14 -8.84688e-18
      5915.49  1.03168e-17
      5916.84 -6.22495e-19
      5918.19  1.24898e-17
      5919.55  1.76656e-17
      5920.90  7.08807e-18
      5922.25 -7.71122e-18
      5923.60  5.65037e-18
      5924.96 -4.78579e-18
      5926.31 -8.62960e-18
      5927.66  7.43003e-19
      5929.01  1.63866e-18
      5930.37  2.38567e-17
      5931.72  5.26376e-18
      5933.07 -1.33832e-17
      5934.42 -1.12570e-17
      5935.78 -1.73183e-17
      5937.13 -1.37717e-17
      5938.48 -8.16580e-18
      5939.83  1.81257e-17
      5941.18 -9.92737e-18
      5942.54 -1.20095e-17
      5943.89  5.72807e-18
      5945.24  3.40596e-18
      5946.59  1.02436e-17
      5947.95 -9.50963e-18
      5949.30 -2.52384e-17
      5950.65  1.02465e-17
      5952.00  7.10323e-18
      5953.36  3.30202e-17
      5954.71 -1.05734e-18
      5956.06 -3.20097e-17
      5957.41 -1.02695e-17
      5958.77  4.48517e-18
      5960.12  1.30549e-18
      5961.47  1.07435e-17
      5962.82  2.05273e-17
      5964.18  7.19127e-18
      5965.53  2.03280e-17
      5966.88  1.81012e-18
      5968.23 -9.20709e-18
      5969.59 -8.81327e-18
      5970.94  2.11699e-18
      5972.29 -2.13998e-18
      5973.64  1.21210e-18
      5974.99  1.54682e-17
      5976.35  4.59455e-18
      5977.70  2.96620e-19
      5979.05  1.89151e-17
      5980.40 -5.56734e-18
      5981.76 -7.10507e-19
      5983.11  3.52450e-18
      5984.46 -6.63580e-18
      5985.81  3.07443e-18
      5987.17  1.95808e-17
      5988.52  9.57362e-18
      5989.87  1.29771e-17
      5991.22  1.10984e-17
      5992.58  5.82459e-18
      5993.93  1.38683e-17
      5995.28  1.26297e-17
      5996.63  6.68114e-18
      5997.99  2.49756e-17
      5999.34  7.44064e-18
      6000.69  4.65009e-18
      6002.04  3.10937e-18
      6003.39  3.85641e-18
      6004.75  1.60790e-17
      6006.10  3.73888e-18
      6007.45 -1.15234e-17
      6008.80 -1.09967e-17
      6010.16  1.22867e-18
      6011.51  1.82000e-17
      6012.86  3.34567e-17
      6014.21  4.27260e-17
      6015.57  8.98362e-18
      6016.92  7.89634e-18
      6018.27  1.64567e-17
      6019.62 -9.41355e-19
      6020.98  5.63090e-18
      6022.33  4.94338e-18
      6023.68  1.67596e-17
      6025.03  7.89555e-18
      6026.38  1.17825e-17
      6027.74  5.84142e-18
      6029.09  1.41969e-17
      6030.44  1.10202e-17
      6031.79  5.14347e-18
      6033.15  7.88843e-18
      6034.50 -3.35908e-18
      6035.85  8.56746e-18
      6037.20  2.02411e-17
      6038.56  8.15255e-18
      6039.91  2.20481e-17
      6041.26  3.58267e-17
      6042.61  3.61133e-17
      6043.97  3.48688e-17
      6045.32  3.62484e-17
      6046.67  2.66179e-17
      6048.02  1.69209e-17
      6049.38  2.18567e-17
      6050.73  1.70231e-17
      6052.08  1.71186e-17
      6053.43  1.97858e-17
      6054.78  2.61325e-17
      6056.14  3.85029e-17
      6057.49  3.48966e-17
      6058.84  9.49329e-18
      6060.19  2.20412e-17
      6061.55  3.05854e-17
      6062.90  1.29124e-17
      6064.25  2.27768e-17
      6065.60  3.59620e-17
      6066.96  2.47343e-17
      6068.31  9.15252e-18
      6069.66  1.99240e-17
      6071.01  2.79698e-17
      6072.37  3.43763e-17
      6073.72  1.98006e-17
      6075.07  1.63639e-17
      6076.42  3.64205e-17
      6077.78  1.71819e-17
      6079.13  2.28264e-17
      6080.48  2.72925e-17
      6081.83  3.07787e-17
      6083.19  2.47908e-17
      6084.54  3.36918e-17
      6085.89  4.73200e-17
      6087.24  3.77714e-17
      6088.59  2.63427e-17
      6089.95  4.57634e-17
      6091.30  2.44819e-17
      6092.65  5.38644e-17
      6094.00  2.37440e-17
      6095.36  1.33877e-17
      6096.71  3.71410e-17
      6098.06  3.83545e-17
      6099.41  2.86940e-17
      6100.77  4.30178e-17
      6102.12  3.45230e-17
      6103.47  4.70387e-17
      6104.82  3.07905e-17
      6106.18  1.56223e-17
      6107.53  2.56916e-17
      6108.88  4.62215e-17
      6110.23  5.75333e-17
      6111.58  4.98257e-17
      6112.94  1.90152e-17
      6114.29  1.49834e-17
      6115.64  2.40907e-17
      6116.99  3.10586e-17
      6118.35  3.85730e-17
      6119.70  5.50894e-17
      6121.05  3.37609e-17
      6122.40  4.05040e-17
      6123.76  2.16907e-17
      6125.11  2.10997e-17
      6126.46  4.38425e-17
      6127.81  4.23356e-17
      6129.17  4.61056e-17
      6130.52  2.81338e-17
      6131.87  3.97858e-17
      6133.22  3.52987e-17
      6134.58  3.56333e-17
      6135.93  4.84188e-17
      6137.28  5.14505e-17
      6138.63  5.68902e-17
      6139.98  3.83046e-17
      6141.34  4.84115e-17
      6142.69  7.02468e-17
      6144.04  4.57167e-17
      6145.39  4.39890e-17
      6146.75  4.81430e-17
      6148.10  4.45970e-17
      6149.45  5.13423e-17
      6150.80  5.02663e-17
      6152.16  5.73470e-17
      6153.51  6.36635e-17
      6154.86  4.54800e-17
      6156.21  3.21644e-17
      6157.57  3.27568e-17
      6158.92  4.33120e-17
      6160.27  4.84625e-17
      6161.62  6.23660e-17
      6162.98  6.06608e-17
      6164.33  4.86873e-17
      6165.68  4.96014e-17
      6167.03  6.32993e-17
      6168.39  7.67840e-17
      6169.74  6.85406e-17
      6171.09  7.48980e-17
      6172.44  5.23449e-17
      6173.79  3.80314e-17
      6175.15  5.96086e-17
      6176.50  6.23413e-17
      6177.85  4.46093e-17
      6179.20  5.51161e-17
      6180.56  7.38739e-17
      6181.91  5.58545e-17
      6183.26  5.02981e-17
      6184.61  5.84805e-17
      6185.97  7.63873e-17
      6187.32  6.22891e-17
      6188.67  8.46736e-17
      6190.02  8.16099e-17
      6191.38  7.83116e-17
      6192.73  6.81287e-17
      6194.08  5.17208e-17
      6195.43  8.04804e-17
      6196.78  7.27510e-17
      6198.14  6.44706e-17
      6199.49  6.00167e-17
      6200.84  7.04919e-17
      6202.19  5.68410e-17
      6203.55  7.74253e-17
      6204.90  8.12356e-17
      6206.25  8.21799e-17
      6207.60  7.30324e-17
      6208.96  6.18525e-17
      6210.31  6.99225e-17
      6211.66  8.36937e-17
      6213.01  6.94032e-17
      6214.37  8.48693e-17
      6215.72  6.69689e-17
      6217.07  6.13959e-17
      6218.42  8.62730e-17
      6219.78  7.90826e-17
      6221.13  7.25071e-17
      6222.48  8.60338e-17
      6223.83  9.00649e-17
      6225.18  7.40314e-17
      6226.54  7.28973e-17
      6227.89  7.65982e-17
      6229.24  8.11038e-17
      6230.59  7.35227e-17
      6231.95  7.53356e-17
      6233.30  7.65402e-17
      6234.65  9.71636e-17
      6236.00  9.38495e-17
      6237.36  9.56143e-17
      6238.71  6.28171e-17
      6240.06  8.82157e-17
      6241.41  9.64486e-17
      6242.77  7.86602e-17
      6244.12  8.25852e-17
      6245.47  8.19915e-17
      6246.82  8.64483e-17
      6248.18  9.61046e-17
      6249.53  9.24188e-17
      6250.88  8.95627e-17
      6252.23  9.19094e-17
      6253.59  1.03597e-16
      6254.94  8.90012e-17
      6256.29  8.50980e-17
      6257.64  1.01900e-16
      6258.99  9.27503e-17
      6260.35  8.47250e-17
      6261.70  9.55695e-17
      6263.05  1.07516e-16
      6264.40  1.01539e-16
      6265.76  8.99851e-17
      6267.11  9.13829e-17
      6268.46  9.91881e-17
      6269.81  9.57138e-17
      6271.17  1.07021e-16
      6272.52  1.06904e-16
      6273.87  1.03465e-16
      6275.22  9.21177e-17
      6276.58  8.72516e-17
      6277.93  1.03317e-16
      6279.28  1.07894e-16
      6280.63  1.17933e-16
      6281.99  1.09159e-16
      6283.34  8.79475e-17
      6284.69  9.28208e-17
      6286.04  9.47214e-17
      6287.39  1.06579e-16
      6288.75  1.24877e-16
      6290.10  1.24522e-16
      6291.45  1.13881e-16
      6292.80  1.24555e-16
      6294.16  1.46999e-16
      6295.51  1.44956e-16
      6296.86  1.32748e-16
      6298.21  1.53730e-16
      6299.57  1.73074e-16
      6300.92  1.37947e-16
      6302.27  1.25072e-16
      6303.62  1.53337e-16
      6304.98  1.47635e-16
      6306.33  1.56325e-16
      6307.68  1.52079e-16
      6309.03  1.39616e-16
      6310.39  1.27439e-16
      6311.74  1.17734e-16
      6313.09  1.14024e-16
      6314.44  1.19260e-16
      6315.80  1.32974e-16
      6317.15  1.33393e-16
      6318.50  1.43989e-16
      6319.85  1.42354e-16
      6321.20  1.38758e-16
      6322.56  1.45086e-16
      6323.91  1.35443e-16
      6325.26  1.33815e-16
      6326.61  1.55767e-16
      6327.97  1.49631e-16
      6329.32  1.29711e-16
      6330.67  1.45588e-16
      6332.02  1.43887e-16
      6333.38  1.40272e-16
      6334.73  1.42706e-16
      6336.08  1.49184e-16
      6337.43  1.56342e-16
      6338.79  1.63833e-16
      6340.14  1.56397e-16
      6341.49  1.40616e-16
      6342.84  1.58198e-16
      6344.20  1.55107e-16
      6345.55  1.55873e-16
      6346.90  1.57692e-16
      6348.25  1.65605e-16
      6349.60  1.52532e-16
      6350.96  1.64264e-16
      6352.31  1.81236e-16
      6353.66  1.61702e-16
      6355.01  1.61370e-16
      6356.37  1.67514e-16
      6357.72  1.83300e-16
      6359.07  1.56624e-16
      6360.42  1.42734e-16
      6361.78  1.49850e-16
      6363.13  1.62663e-16
      6364.48  1.68465e-16
      6365.83  1.45897e-16
      6367.19  1.68986e-16
      6368.54  1.63836e-16
      6369.89  1.70347e-16
      6371.24  1.68162e-16
      6372.60  1.59753e-16
      6373.95  1.83841e-16
      6375.30  1.97533e-16
      6376.65  1.92006e-16
      6378.00  1.78632e-16
      6379.36  1.77365e-16
      6380.71  1.70624e-16
      6382.06  1.58462e-16
      6383.41  1.43676e-16
      6384.77  1.67973e-16
      6386.12  1.66260e-16
      6387.47  1.59412e-16
      6388.82  1.78449e-16
      6390.18  1.83201e-16
      6391.53  1.70519e-16
      6392.88  1.78458e-16
      6394.23  1.76058e-16
      6395.59  1.81596e-16
      6396.94  1.77061e-16
      6398.29  1.83707e-16
      6399.64  1.70481e-16
      6401.00  1.87391e-16
      6402.35  1.86267e-16
      6403.70  1.90303e-16
      6405.05  1.92209e-16
      6406.40  1.87922e-16
      6407.76  1.90943e-16
      6409.11  1.93249e-16
      6410.46  1.66898e-16
      6411.81  1.69283e-16
      6413.17  1.85224e-16
      6414.52  1.81872e-16
      6415.87  1.95776e-16
      6417.22  1.88624e-16
      6418.58  1.90302e-16
      6419.93  1.94796e-16
      6421.28  1.92441e-16
      6422.63  1.88809e-16
      6423.99  2.02488e-16
      6425.34  2.18952e-16
      6426.69  2.04517e-16
      6428.04  2.00289e-16
      6429.40  1.94985e-16
      6430.75  1.97597e-16
      6432.10  2.04250e-16
      6433.45  2.05598e-16
      6434.80  1.95295e-16
      6436.16  1.91207e-16
      6437.51  2.09228e-16
      6438.86  2.09469e-16
      6440.21  2.01653e-16
      6441.57  2.00336e-16
      6442.92  2.25569e-16
      6444.27  2.16172e-16
      6445.62  2.01726e-16
      6446.98  2.12012e-16
      6448.33  2.10269e-16
      6449.68  2.18003e-16
      6451.03  2.06485e-16
      6452.39  2.18785e-16
      6453.74  2.18447e-16
      6455.09  2.10842e-16
      6456.44  2.14945e-16
      6457.79  2.24198e-16
      6459.15  2.22754e-16
      6460.50  2.28403e-16
      6461.85  2.21999e-16
      6463.20  2.01187e-16
      6464.56  2.28395e-16
      6465.91  2.18893e-16
      6467.26  2.12550e-16
      6468.61  2.10544e-16
      6469.97  2.11184e-16
      6471.32  2.48673e-16
      6472.67  2.21067e-16
      6474.02  2.20492e-16
      6475.38  2.37887e-16
      6476.73  2.38378e-16
      6478.08  2.37131e-16
      6479.43  2.30296e-16
      6480.79  2.32681e-16
      6482.14  2.15405e-16
      6483.49  2.25439e-16
      6484.84  2.37594e-16
      6486.20  2.34675e-16
      6487.55  2.35500e-16
      6488.90  2.60300e-16
      6490.25  2.40733e-16
      6491.61  2.41395e-16
      6492.96  2.48314e-16
      6494.31  2.78055e-16
      6495.66  2.51414e-16
      6497.01  2.60387e-16
      6498.37  2.42514e-16
      6499.72  2.44403e-16
      6501.07  2.52406e-16
      6502.42  2.70436e-16
      6503.78  2.69200e-16
      6505.13  2.71269e-16
      6506.48  2.55216e-16
      6507.83  2.60390e-16
      6509.19  2.57786e-16
      6510.54  2.65078e-16
      6511.89  2.80296e-16
      6513.24  2.83736e-16
      6514.60  2.76638e-16
      6515.95  2.81833e-16
      6517.30  2.78348e-16
      6518.65  2.82615e-16
      6520.00  3.00480e-16
      6521.36  2.83657e-16
      6522.71  3.03182e-16
      6524.06  2.99393e-16
      6525.41  2.99664e-16
      6526.77  3.18402e-16
      6528.12  3.13689e-16
      6529.47  3.10319e-16
      6530.82  3.11426e-16
      6532.18  3.25657e-16
      6533.53  3.08814e-16
      6534.88  3.31345e-16
      6536.23  3.27338e-16
      6537.59  3.25713e-16
      6538.94  3.10131e-16
      6540.29  3.34191e-16
      6541.64  3.16728e-16
      6542.99  3.10709e-16
      6544.35  3.43776e-16
      6545.70  3.55381e-16
      6547.05  3.44764e-16
      6548.40  3.42177e-16
      6549.76  3.44529e-16
      6551.11  3.45673e-16
      6552.46  3.47858e-16
      6553.81  3.43842e-16
      6555.17  3.58079e-16
      6556.52  3.47455e-16
      6557.87  3.66165e-16
      6559.22  3.70827e-16
      6560.58  3.53409e-16
      6561.93  3.68135e-16
      6563.28  3.50116e-16
      6564.63  3.62256e-16
      6565.99  3.74765e-16
      6567.34  3.54911e-16
      6568.69  3.51656e-16
      6570.04  3.42163e-16
      6571.40  3.51200e-16
      6572.75  3.49196e-16
      6574.10  3.27717e-16
      6575.45  3.58143e-16
      6576.80  3.59130e-16
      6578.16  3.63188e-16
      6579.51  3.77163e-16
      6580.86  3.59005e-16
      6582.21  3.56568e-16
      6583.57  3.55438e-16
      6584.92  3.61858e-16
      6586.27  3.63768e-16
      6587.62  3.72084e-16
      6588.98  3.82438e-16
      6590.33  3.84609e-16
      6591.68  3.50859e-16
      6593.03  3.77854e-16
      6594.39  3.93665e-16
      6595.74  3.91156e-16
      6597.09  3.93211e-16
      6598.44  4.00423e-16
      6599.80  4.05334e-16
      6601.15  4.08782e-16
      6602.50  3.83786e-16
      6603.85  3.82066e-16
      6605.20  4.00316e-16
      6606.56  4.01130e-16
      6607.91  4.04259e-16
      6609.26  3.94956e-16
      6610.61  3.94318e-16
      6611.97  4.01529e-16
      6613.32  4.14728e-16
      6614.67  4.08982e-16
      6616.02  4.11105e-16
      6617.38  4.13320e-16
      6618.73  4.12201e-16
      6620.08  3.98683e-16
      6621.43  4.24676e-16
      6622.79  4.15639e-16
      6624.14  4.07916e-16
      6625.49  4.11026e-16
      6626.84  3.92706e-16
      6628.20  4.04560e-16
      6629.55  4.03144e-16
      6630.90  4.09505e-16
      6632.25  4.34694e-16
      6633.60  4.43902e-16
      6634.96  4.22604e-16
      6636.31  4.22194e-16
      6637.66  4.34297e-16
      6639.01  4.14477e-16
      6640.37  4.14409e-16
      6641.72  4.10451e-16
      6643.07  4.38311e-16
      6644.42  4.28335e-16
      6645.78  4.23079e-16
      6647.13  4.32417e-16
      6648.48  4.36054e-16
      6649.83  4.22597e-16
      6651.19  4.35437e-16
      6652.54  4.63552e-16
      6653.89  4.33407e-16
      6655.24  4.09974e-16
      6656.60  4.20354e-16
      6657.95  4.51249e-16
      6659.30  4.21319e-16
      6660.65  4.38327e-16
      6662.00  4.45657e-16
      6663.36  4.29901e-16
      6664.71  4.40767e-16
      6666.06  4.29685e-16
      6667.41  4.43310e-16
      6668.77  4.41229e-16
      6670.12  4.48596e-16
      6671.47  4.53091e-16
      6672.82  4.65465e-16
      6674.18  4.60616e-16
      6675.53  4.36545e-16
      6676.88  4.42263e-16
      6678.23  4.50647e-16
      6679.59  4.41883e-16
      6680.94  4.46929e-16
      6682.29  4.39352e-16
      6683.64  4.48409e-16
      6685.00  4.39465e-16
      6686.35  4.59608e-16
      6687.70  4.52999e-16
      6689.05  4.46507e-16
      6690.41  4.38559e-16
      6691.76  4.16746e-16
      6693.11  4.17039e-16
      6694.46  4.19937e-16
      6695.81  4.09555e-16
      6697.17  3.71924e-16
      6698.52  3.55517e-16
      6699.87  3.34424e-16
      6701.22  2.93962e-16
      6702.58  2.54600e-16
      6703.93  1.88999e-16
      6705.28  1.53878e-16
      6706.63  1.17964e-16
      6707.99  9.70055e-17
      6709.34  9.49039e-17
      6710.69  1.19784e-16
      6712.04  1.48096e-16
      6713.40  1.89963e-16
      6714.75  2.27681e-16
      6716.10  2.65336e-16
      6717.45  3.13237e-16
      6718.81  3.66776e-16
      6720.16  3.95202e-16
      6721.51  4.15084e-16
      6722.86  4.25047e-16
      6724.21  4.40248e-16
      6725.57  4.56523e-16
      6726.92  4.75358e-16
      6728.27  4.70088e-16
      6729.62  4.80854e-16
      6730.98  5.09864e-16
      6732.33  4.88905e-16
      6733.68  4.92646e-16
      6735.03  4.80890e-16
      6736.39  4.82221e-16
      6737.74  5.03152e-16
      6739.09  5.13131e-16
      6740.44  5.11835e-16
      6741.80  5.43443e-16
      6743.15  5.26826e-16
      6744.50  5.23240e-16
      6745.85  5.25069e-16
      6747.21  5.22416e-16
      6748.56  5.14106e-16
      6749.91  5.31580e-16
      6751.26  5.43166e-16
      6752.61  5.53850e-16
      6753.97  5.37720e-16
      6755.32  5.38663e-16
      6756.67  5.34386e-16
      6758.02  5.32748e-16
      6759.38  5.35047e-16
      6760.73  5.47892e-16
      6762.08  5.45854e-16
      6763.43  5.45959e-16
      6764.79  5.40028e-16
      6766.14  5.40349e-16
      6767.49  5.49012e-16
      6768.84  5.66795e-16
      6770.20  5.73438e-16
      6771.55  5.61771e-16
      6772.90  5.52396e-16
      6774.25  5.49775e-16
      6775.61  5.56742e-16
      6776.96  5.53758e-16
      6778.31  5.56141e-16
      6779.66  5.53567e-16
      6781.01  5.24524e-16
      6782.37  5.39672e-16
      6783.72  5.44679e-16
      6785.07  5.22335e-16
      6786.42  5.45347e-16
      6787.78  5.39355e-16
      6789.13  5.40688e-16
      6790.48  5.42746e-16
      6791.83  5.51793e-16
      6793.19  5.41770e-16
      6794.54  5.43265e-16
      6795.89  5.54985e-16
      6797.24  5.36645e-16
      6798.60  5.36149e-16
      6799.95  5.24405e-16
      6801.30  5.17731e-16
      6802.65  5.34017e-16
      6804.01  5.39572e-16
      6805.36  5.44037e-16
      6806.71  5.54125e-16
      6808.06  5.41600e-16
      6809.42  5.33398e-16
      6810.77  5.24944e-16
      6812.12  5.23251e-16
      6813.47  5.30043e-16
      6814.82  5.33271e-16
      6816.18  5.39317e-16
      6817.53  5.29350e-16
      6818.88  5.46357e-16
      6820.23  5.38909e-16
      6821.59  5.48728e-16
      6822.94  5.57429e-16
      6824.29  5.50444e-16
      6825.64  5.28960e-16
      6827.00  5.28492e-16
      6828.35  5.26274e-16
      6829.70  5.14638e-16
      6831.05  5.19144e-16
      6832.41  5.31200e-16
      6833.76  5.36672e-16
      6835.11  5.42432e-16
      6836.46  5.33899e-16
      6837.82  5.21186e-16
      6839.17  5.16030e-16
      6840.52  5.25784e-16
      6841.87  5.20477e-16
      6843.22  5.17594e-16
      6844.58  5.30842e-16
      6845.93  5.27903e-16
      6847.28  5.13029e-16
      6848.63  5.09680e-16
      6849.99  4.90040e-16
      6851.34  4.97381e-16
      6852.69  5.07854e-16
      6854.04  5.16010e-16
      6855.40  5.27690e-16
      6856.75  5.18052e-16
      6858.10  5.12858e-16
      6859.45  5.08899e-16
      6860.81  5.20335e-16
      6862.16  5.20897e-16
      6863.51  5.33091e-16
      6864.86  5.43543e-16
      6866.21  5.42492e-16
      6867.57  5.40135e-16
      6868.92  5.13497e-16
      6870.27  4.85775e-16
      6871.62  4.70390e-16
      6872.98  4.73196e-16
      6874.33  4.73870e-16
      6875.68  4.78658e-16
      6877.03  4.72452e-16
      6878.39  4.63365e-16
      6879.74  4.77289e-16
      6881.09  4.97610e-16
      6882.44  4.99813e-16
      6883.80  4.92940e-16
      6885.15  4.87515e-16
      6886.50  4.85160e-16
      6887.85  4.80671e-16
      6889.21  4.69731e-16
      6890.56  4.46836e-16
      6891.91  4.51588e-16
      6893.26  4.46505e-16
      6894.62  4.31835e-16
      6895.97  4.28146e-16
      6897.32  4.07337e-16
      6898.67  4.24312e-16
      6900.02  4.40996e-16
      6901.38  4.52444e-16
      6902.73  4.26890e-16
      6904.08  4.24409e-16
      6905.43  4.36603e-16
      6906.79  4.52152e-16
      6908.14  4.50720e-16
      6909.49  4.58729e-16
      6910.84  4.63231e-16
      6912.20  4.50956e-16
      6913.55  4.60322e-16
      6914.90  4.57892e-16
      6916.25  4.49391e-16
      6917.61  4.44767e-16
      6918.96  4.47783e-16
      6920.31  4.46550e-16
      6921.66  4.47046e-16
      6923.02  4.49882e-16
      6924.37  4.57776e-16
      6925.72  4.65504e-16
      6927.07  4.62057e-16
      6928.42  4.57382e-16
      6929.78  4.53927e-16
      6931.13  4.56224e-16
      6932.48  4.77969e-16
      6933.83  4.77161e-16
      6935.19  4.81674e-16
      6936.54  4.72900e-16
      6937.89  4.86446e-16
      6939.24  4.81929e-16
      6940.60  4.94065e-16
      6941.95  5.13542e-16
      6943.30  4.94785e-16
      6944.65  5.10632e-16
      6946.01  5.21208e-16
      6947.36  5.34210e-16
      6948.71  5.42128e-16
      6950.06  5.41848e-16
      6951.41  5.43322e-16
      6952.77  5.46617e-16
      6954.12  5.33606e-16
      6955.47  5.12874e-16
      6956.82  5.10674e-16
      6958.18  5.08602e-16
      6959.53  5.06171e-16
      6960.88  4.91447e-16
      6962.23  4.94124e-16
      6963.59  4.99544e-16
      6964.94  4.99858e-16
      6966.29  5.02373e-16
      6967.64  4.90150e-16
      6969.00  4.99098e-16
      6970.35  4.94529e-16
      6971.70  4.84292e-16
      6973.05  5.03887e-16
      6974.41  5.01150e-16
      6975.76  5.07138e-16
      6977.11  5.24077e-16
      6978.46  5.32204e-16
      6979.81  5.17884e-16
      6981.17  5.01376e-16
      6982.52  5.21211e-16
      6983.87  5.14887e-16
      6985.22  5.29322e-16
      6986.58  5.16650e-16
      6987.93  5.01102e-16
      6989.28  5.03961e-16
      6990.63  5.20168e-16
      6991.99  5.20748e-16
      6993.34  5.06762e-16
      6994.69  5.06521e-16
      6996.04  4.96269e-16
      6997.40  5.04727e-16
      6998.75  5.14864e-16
      7000.10  5.16539e-16
      7001.45  5.20386e-16
      7002.81  5.29826e-16
      7004.16  5.24691e-16
      7005.51  5.19350e-16
      7006.86  5.19625e-16
      7008.22  5.23964e-16
      7009.57  5.37767e-16
      7010.92  5.29637e-16
      7012.27  5.40445e-16
      7013.62  5.37773e-16
      7014.98  5.67560e-16
      7016.33  5.57400e-16
      7017.68  5.47047e-16
      7019.03  5.49273e-16
      7020.39  5.47888e-16
      7021.74  5.61594e-16
      7023.09  5.59456e-16
      7024.44  5.73623e-16
      7025.80  5.91989e-16
      7027.15  5.82889e-16
      7028.50  5.98669e-16
      7029.85  6.08044e-16
      7031.21  6.07458e-16
      7032.56  6.14641e-16
      7033.91  6.21251e-16
      7035.26  6.21745e-16
      7036.62  6.16645e-16
      7037.97  6.30272e-16
      7039.32  6.42287e-16
      7040.67  6.46669e-16
      7042.02  6.40816e-16
      7043.38  6.52546e-16
      7044.73  6.63415e-16
      7046.08  6.58825e-16
      7047.43  6.56815e-16
      7048.79  6.53045e-16
      7050.14  6.62816e-16
      7051.49  6.72701e-16
      7052.84  6.44337e-16
      7054.20  6.36384e-16
      7055.55  6.64582e-16
      7056.90  6.55681e-16
      7058.25  6.51745e-16
      7059.61  6.46036e-16
      7060.96  6.43809e-16
      7062.31  6.51462e-16
      7063.66  6.51166e-16
      7065.01  6.39350e-16
      7066.37  6.57235e-16
      7067.72  6.61517e-16
      7069.07  6.72898e-16
      7070.42  6.92444e-16
      7071.78  6.85604e-16
      7073.13  6.93196e-16
      7074.48  6.93677e-16
      7075.83  6.75086e-16
      7077.19  6.66671e-16
      7078.54  6.75231e-16
      7079.89  6.86942e-16
      7081.24  6.77670e-16
      7082.60  6.75501e-16
      7083.95  7.01446e-16
      7085.30  6.94942e-16
      7086.65  6.85077e-16
      7088.01  6.98626e-16
      7089.36  6.90896e-16
      7090.71  6.68200e-16
      7092.06  6.69630e-16
      7093.42  6.90751e-16
      7094.77  6.86052e-16
      7096.12  6.63929e-16
      7097.47  6.71079e-16
      7098.82  6.84523e-16
      7100.18  7.00214e-16
      7101.53  7.10336e-16
      7102.88  7.15964e-16
      7104.23  7.17724e-16
      7105.59  6.96682e-16
      7106.94  7.14172e-16
      7108.29  6.91812e-16
      7109.64  6.86836e-16
      7111.00  7.31688e-16
      7112.35  7.12550e-16
      7113.70  7.28353e-16
      7115.05  7.27648e-16
      7116.41  7.10877e-16
      7117.76  7.02652e-16
      7119.11  7.21724e-16
      7120.46  7.20425e-16
      7121.82  7.27305e-16
      7123.17  7.30521e-16
      7124.52  7.33355e-16
      7125.87  7.25605e-16
      7127.22  7.33572e-16
      7128.58  7.41494e-16
      7129.93  7.10132e-16
      7131.28  7.10646e-16
      7132.63  7.41705e-16
      7133.99  7.29566e-16
      7135.34  7.26996e-16
      7136.69  7.20340e-16
      7138.04  7.16214e-16
      7139.40  7.28024e-16
      7140.75  7.31734e-16
      7142.10  7.19206e-16
      7143.45  7.14376e-16
      7144.81  7.37599e-16
      7146.16  7.59484e-16
      7147.51  7.71142e-16
      7148.86  7.78147e-16
      7150.22  7.75432e-16
      7151.57  7.80302e-16
      7152.92  7.63814e-16
      7154.27  7.73969e-16
      7155.63  7.79090e-16
      7156.98  7.69699e-16
      7158.33  7.69989e-16
      7159.68  7.74292e-16
      7161.03  7.73389e-16
      7162.39  7.63115e-16
      7163.74  7.72276e-16
      7165.09  7.80618e-16
      7166.44  7.76480e-16
      7167.80  7.81890e-16
      7169.15  7.83512e-16
      7170.50  7.72216e-16
      7171.85  7.69224e-16
      7173.21  7.74773e-16
      7174.56  7.66799e-16
      7175.91  7.75887e-16
      7177.26  7.90009e-16
      7178.62  7.82273e-16
      7179.97  7.89014e-16
      7181.32  8.00790e-16
      7182.67  8.02563e-16
      7184.03  8.03835e-16
      7185.38  7.99815e-16
      7186.73  8.00830e-16
      7188.08  8.02998e-16
      7189.43  8.09120e-16
      7190.79  8.21733e-16
      7192.14  8.10425e-16
      7193.49  8.17812e-16
      7194.84  8.28192e-16
      7196.20  8.36858e-16
      7197.55  8.26090e-16
      7198.90  8.42795e-16
      7200.25  8.40337e-16
      7201.61  8.37227e-16
      7202.96  8.40970e-16
      7204.31  8.40258e-16
      7205.66  8.56133e-16
      7207.02  8.42499e-16
      7208.37  8.37253e-16
      7209.72  8.59145e-16
      7211.07  8.36113e-16
      7212.43  8.75594e-16
      7213.78  8.72661e-16
      7215.13  8.71936e-16
      7216.48  8.64265e-16
      7217.83  8.77287e-16
      7219.19  8.88582e-16
      7220.54  8.77781e-16
      7221.89  8.68924e-16
      7223.24  8.82612e-16
      7224.60  8.87225e-16
      7225.95  8.76635e-16
      7227.30  8.89202e-16
      7228.65  8.93881e-16
      7230.01  8.70091e-16
      7231.36  8.88569e-16
      7232.71  9.03232e-16
      7234.06  9.18396e-16
      7235.42  9.06659e-16
      7236.77  8.99693e-16
      7238.12  9.11417e-16
      7239.47  8.88589e-16
      7240.83  8.68193e-16
      7242.18  8.70625e-16
      7243.53  9.02903e-16
      7244.88  9.05624e-16
      7246.24  8.78480e-16
      7247.59  8.98289e-16
      7248.94  9.07667e-16
      7250.29  9.10053e-16
      7251.64  9.32004e-16
      7253.00  9.33704e-16
      7254.35  9.36670e-16
      7255.70  9.45909e-16
      7257.05  9.25954e-16
      7258.41  9.16478e-16
      7259.76  9.34818e-16
      7261.11  9.28294e-16
      7262.46  9.23476e-16
      7263.82  9.31345e-16
      7265.17  9.30027e-16
      7266.52  9.29697e-16
      7267.87  9.35174e-16
      7269.23  9.26073e-16
      7270.58  9.33085e-16
      7271.93  9.28103e-16
      7273.28  9.05347e-16
      7274.63  9.16148e-16
      7275.99  8.94843e-16
      7277.34  9.29842e-16
      7278.69  9.52927e-16
      7280.04  9.44690e-16
      7281.40  9.53382e-16
      7282.75  9.29440e-16
      7284.10  9.31240e-16
      7285.45  9.56466e-16
      7286.81  9.39609e-16
      7288.16  9.39352e-16
      7289.51  9.52295e-16
      7290.86  9.41619e-16
      7292.22  9.38337e-16
      7293.57  9.30574e-16
      7294.92  9.24445e-16
      7296.27  9.42587e-16
      7297.63  9.53237e-16
      7298.98  9.55550e-16
      7300.33  9.51260e-16
      7301.68  9.47273e-16
      7303.03  9.63405e-16
      7304.39  9.52960e-16
      7305.74  9.67148e-16
      7307.09  9.58331e-16
      7308.44  9.57250e-16
      7309.80  9.49322e-16
      7311.15  9.41098e-16
      7312.50  9.26844e-16
      7313.85  9.56301e-16
      7315.21  9.65376e-16
      7316.56  9.58799e-16
      7317.91  9.50061e-16
      7319.26  9.62496e-16
      7320.62  1.00109e-15
      7321.97  9.78398e-16
      7323.32  9.61857e-16
      7324.67  9.36274e-16
      7326.03  9.41968e-16
      7327.38  9.52578e-16
      7328.73  9.29935e-16
      7330.08  9.29849e-16
      7331.44  9.31160e-16
      7332.79  9.31193e-16
      7334.14  9.47458e-16
      7335.49  9.64242e-16
      7336.84  9.69830e-16
      7338.20  9.59781e-16
      7339.55  9.44347e-16
      7340.90  9.48894e-16
      7342.25  9.60710e-16
      7343.61  9.27931e-16
      7344.96  9.24188e-16
      7346.31  9.15272e-16
      7347.66  9.25058e-16
      7349.02  9.36327e-16
      7350.37  9.21447e-16
      7351.72  9.37803e-16
      7353.07  9.33269e-16
      7354.43  9.45263e-16
      7355.78  9.24281e-16
      7357.13  9.17018e-16
      7358.48  9.26376e-16
      7359.83  9.12807e-16
      7361.19  9.02672e-16
      7362.54  9.24999e-16
      7363.89  9.35437e-16
      7365.24  9.28907e-16
      7366.60  9.16201e-16
      7367.95  9.39806e-16
      7369.30  9.31160e-16
      7370.65  9.19265e-16
      7372.01  9.13802e-16
      7373.36  9.07964e-16
      7374.71  9.30007e-16
      7376.06  9.13354e-16
      7377.42  9.05354e-16
      7378.77  9.12834e-16
      7380.12  9.23048e-16
      7381.47  9.18824e-16
      7382.83  9.15008e-16
      7384.18  9.12781e-16
      7385.53  9.07054e-16
      7386.88  8.95634e-16
      7388.23  9.03502e-16
      7389.59  9.10356e-16
      7390.94  9.16359e-16
      7392.29  9.11503e-16
      7393.64  9.04906e-16
      7395.00  8.83745e-16
      7396.35  8.86579e-16
      7397.70  8.89393e-16
      7399.05  8.71244e-16
      7400.41  8.76701e-16
      7401.76  8.93466e-16
      7403.11  8.85795e-16
      7404.46  8.71284e-16
      7405.82  8.73761e-16
      7407.17  8.80912e-16
      7408.52  8.75297e-16
      7409.87  8.74012e-16
      7411.23  8.75673e-16
      7412.58  8.56219e-16
      7413.93  8.59072e-16
      7415.28  8.67284e-16
      7416.63  8.48212e-16
      7417.99  8.56252e-16
      7419.34  8.60542e-16
      7420.69  8.48298e-16
      7422.04  8.51810e-16
      7423.40  8.48977e-16
      7424.75  8.50262e-16
      7426.10  8.56259e-16
      7427.45  8.57451e-16
      7428.81  8.50090e-16
      7430.16  8.32297e-16
      7431.51  8.31263e-16
      7432.86  8.29971e-16
      7434.22  8.27401e-16
      7435.57  8.25490e-16
      7436.92  8.22215e-16
      7438.27  8.37721e-16
      7439.63  8.36258e-16
      7440.98  8.27856e-16
      7442.33  8.21826e-16
      7443.68  8.24027e-16
      7445.03  8.10076e-16
      7446.39  8.07268e-16
      7447.74  7.94194e-16
      7449.09  8.01390e-16
      7450.44  8.04138e-16
      7451.80  7.99308e-16
      7453.15  7.97996e-16
      7454.50  7.96665e-16
      7455.85  7.99103e-16
      7457.21  7.94312e-16
      7458.56  7.91907e-16
      7459.91  7.79327e-16
      7461.26  7.78259e-16
      7462.62  7.88256e-16
      7463.97  7.80493e-16
      7465.32  7.69415e-16
      7466.67  7.75893e-16
      7468.03  7.82391e-16
      7469.38  7.80467e-16
      7470.73  7.77785e-16
      7472.08  7.68638e-16
      7473.43  7.64835e-16
      7474.79  7.57455e-16
      7476.14  7.51425e-16
      7477.49  7.54555e-16
      7478.84  7.61732e-16
      7480.20  7.42634e-16
      7481.55  7.46482e-16
      7482.90  7.38983e-16
      7484.25  7.45138e-16
      7485.61  7.20610e-16
      7486.96  7.33289e-16
      7488.31  7.33039e-16
      7489.66  7.30422e-16
      7491.02  7.44782e-16
      7492.37  7.23681e-16
      7493.72  7.02079e-16
      7495.07  6.88688e-16
      7496.43  7.02415e-16
      7497.78  7.16893e-16
      7499.13  7.06408e-16
      7500.48  7.04952e-16
      7501.84  6.99792e-16
      7503.19  6.89914e-16
      7504.54  6.87667e-16
      7505.89  6.92438e-16
      7507.24  6.72562e-16
      7508.60  6.68391e-16
      7509.95  6.70546e-16
      7511.30  6.75831e-16
      7512.65  6.83106e-16
      7514.01  6.81241e-16
      7515.36  6.75627e-16
      7516.71  6.65201e-16
      7518.06  6.75370e-16
      7519.42  6.47229e-16
      7520.77  6.38723e-16
      7522.12  6.51696e-16
      7523.47  6.35351e-16
      7524.83  6.34768e-16
      7526.18  6.33066e-16
      7527.53  6.30088e-16
      7528.88  6.23481e-16
      7530.24  6.12959e-16
      7531.59  6.22229e-16
      7532.94  6.08563e-16
      7534.29  6.00325e-16
      7535.64  6.07350e-16
      7537.00  6.03446e-16
      7538.35  5.98388e-16
      7539.70  5.98972e-16
      7541.05  5.91581e-16
      7542.41  5.83726e-16
      7543.76  5.82744e-16
      7545.11  5.77890e-16
      7546.46  5.60781e-16
      7547.82  5.56295e-16
      7549.17  5.64890e-16
      7550.52  5.44088e-16
      7551.87  5.37252e-16
      7553.23  5.45198e-16
      7554.58  5.29591e-16
      7555.93  5.20420e-16
      7557.28  5.17563e-16
      7558.64  5.28506e-16
      7559.99  5.23601e-16
      7561.34  5.09429e-16
      7562.69  5.07253e-16
      7564.05  4.99347e-16
      7565.40  5.05035e-16
      7566.75  4.97511e-16
      7568.10  4.88645e-16
      7569.45  4.82972e-16
      7570.81  4.78052e-16
      7572.16  4.64276e-16
      7573.51  4.51600e-16
      7574.86  4.56205e-16
      7576.22  4.53064e-16
      7577.57  4.44846e-16
      7578.92  4.31095e-16
      7580.27  4.49118e-16
      7581.63  4.42211e-16
      7582.98  4.37300e-16
      7584.33  4.36635e-16
      7585.68  4.30322e-16
      7587.04  4.29896e-16
      7588.39  4.25078e-16
      7589.74  4.19059e-16
      7591.09  4.33945e-16
      7592.45  4.40741e-16
      7593.80  4.33354e-16
      7595.15  4.33318e-16
      7596.50  4.25707e-16
      7597.85  4.09139e-16
      7599.21  3.99736e-16
      7600.56  3.56294e-16
      7601.91  3.35813e-16
      7603.26  3.21550e-16
      7604.62  3.05109e-16
      7605.97  2.96822e-16
      7607.32  2.77507e-16
      7608.67  2.71359e-16
      7610.03  2.80826e-16
      7611.38  2.50487e-16
      7612.73  2.45931e-16
      7614.08  2.48637e-16
      7615.44  2.37981e-16
      7616.79  2.58138e-16
      7618.14  2.75284e-16
      7619.49  2.61392e-16
      7620.84  2.58597e-16
      7622.20  2.46777e-16
      7623.55  2.48280e-16
      7624.90  2.49067e-16
      7626.25  2.13192e-16
      7627.61  2.04894e-16
      7628.96  1.82112e-16
      7630.31  1.89787e-16
      7631.66  1.67623e-16
      7633.02  1.53287e-16
      7634.37  1.66759e-16
      7635.72  1.52622e-16
      7637.07  1.40339e-16
      7638.43  1.36008e-16
      7639.78  1.24138e-16
      7641.13  1.06600e-16
      7642.48  1.01409e-16
      7643.84  9.55642e-17
      7645.19  8.87950e-17
      7646.54  8.51632e-17
      7647.89  9.27253e-17
      7649.25  8.17180e-17
      7650.60  7.84691e-17
      7651.95  7.06534e-17
      7653.30  5.78563e-17
      7654.65  5.43952e-17
      7656.01  4.71980e-17
      7657.36  3.58076e-17
      7658.71  4.01775e-17
      7660.06  2.44776e-17
      7661.42  1.68265e-17
      7662.77  1.42134e-17
      7664.12  1.70562e-17
      7665.47  1.28672e-17
      7666.83  1.63435e-18
      7668.18  1.04682e-17
      7669.53  1.64633e-17
      7670.88  5.36674e-18
      7672.24  2.38959e-17
      7673.59  2.68720e-17
      7674.94  2.44675e-17
      7676.29  3.39316e-17
      7677.65  4.56772e-17
      7679.00  4.39218e-17
      7680.35  4.80465e-17
      7681.70  5.94410e-17
      7683.05  5.67984e-17
      7684.41  6.10848e-17
      7685.76  6.89499e-17
      7687.11  6.39245e-17
      7688.46  6.08116e-17
      7689.82  6.32112e-17
      7691.17  4.91190e-17
      7692.52  3.86454e-17
      7693.87  3.19078e-17
      7695.23  2.90610e-17
      7696.58  2.58893e-17
      7697.93  2.29195e-17
      7699.28  1.25033e-17
      7700.64  7.78688e-18
      7701.99  1.34452e-17
      7703.34  1.50773e-17
      7704.69  2.51459e-17
      7706.04  2.82044e-17
      7707.40  5.10967e-17
      7708.75  6.61636e-17
      7710.10  5.50832e-17
      7711.45  7.53863e-17
      7712.81  7.90134e-17
      7714.16  9.62766e-17
      7715.51  1.23167e-16
      7716.86  1.11138e-16
      7718.22  1.32330e-16
      7719.57  1.47076e-16
      7720.92  1.36858e-16
      7722.27  1.46856e-16
      7723.63  1.54632e-16
      7724.98  1.55232e-16
      7726.33  1.68734e-16
      7727.68  1.84082e-16
      7729.04  1.93989e-16
      7730.39  2.00957e-16
      7731.74  2.05169e-16
      7733.09  2.21231e-16
      7734.45  2.30316e-16
      7735.80  2.35803e-16
      7737.15  2.42758e-16
      7738.50  2.38306e-16
      7739.85  2.53411e-16
      7741.21  2.66323e-16
      7742.56  2.65686e-16
      7743.91  2.72332e-16
      7745.26  2.78733e-16
      7746.62  2.82954e-16
      7747.97  3.08552e-16
      7749.32  3.17818e-16
      7750.67  3.15506e-16
      7752.03  3.19662e-16
      7753.38  3.45315e-16
      7754.73  3.39605e-16
      7756.08  3.36188e-16
      7757.44  3.46604e-16
      7758.79  3.49324e-16
      7760.14  3.68377e-16
      7761.49  3.61916e-16
      7762.85  3.67006e-16
      7764.20  3.67248e-16
      7765.55  3.53021e-16
      7766.90  3.74000e-16
      7768.25  3.92576e-16
      7769.61  4.13071e-16
      7770.96  4.40683e-16
      7772.31  4.33450e-16
      7773.66  4.42743e-16
      7775.02  4.55366e-16
      7776.37  4.56044e-16
      7777.72  4.35485e-16
      7779.07  4.39067e-16
      7780.43  4.28648e-16
      7781.78  4.49893e-16
      7783.13  4.72772e-16
      7784.48  4.59602e-16
      7785.84  4.74182e-16
      7787.19  4.84390e-16
      7788.54  4.82254e-16
      7789.89  5.05648e-16
      7791.24  5.12998e-16
      7792.60  4.92670e-16
      7793.95  4.50052e-16
      7795.30  4.52682e-16
      7796.65  4.02909e-16
      7798.01  3.72313e-16
      7799.36  2.94695e-16
      7800.71  2.64046e-16
      7802.06  2.69714e-16
      7803.42  2.90088e-16
      7804.77  3.71456e-16
      7806.12  4.25164e-16
      7807.47  4.79898e-16
      7808.83  5.38652e-16
      7810.18  5.68942e-16
      7811.53  5.59316e-16
      7812.88  5.78185e-16
      7814.24  5.82074e-16
      7815.59  6.12455e-16
      7816.94  6.45075e-16
      7818.29  6.43836e-16
      7819.64  6.44884e-16
      7821.00  6.61662e-16
      7822.35  6.68042e-16
      7823.70  6.78783e-16
      7825.05  6.57789e-16
      7826.41  6.56445e-16
      7827.76  6.72958e-16
      7829.11  6.79521e-16
      7830.46  6.78935e-16
      7831.82  6.83910e-16
      7833.17  7.00405e-16
      7834.52  7.18073e-16
      7835.87  7.30930e-16
      7837.23  7.34245e-16
      7838.58  7.32426e-16
      7839.93  7.28538e-16
      7841.28  7.15312e-16
      7842.64  7.42654e-16
      7843.99  7.77462e-16
      7845.34  7.75175e-16
      7846.69  7.83116e-16
      7848.05  8.29773e-16
      7849.40  8.45741e-16
      7850.75  8.33352e-16
      7852.10  8.28244e-16
      7853.45  8.16725e-16
      7854.81  8.00942e-16
      7856.16  7.75314e-16
      7857.51  7.92691e-16
      7858.86  8.13825e-16
      7860.22  8.26511e-16
      7861.57  8.71356e-16
      7862.92  8.88872e-16
      7864.27  8.96365e-16
      7865.63  9.37843e-16
      7866.98  9.61857e-16
      7868.33  9.42449e-16
      7869.68  9.17631e-16
      7871.04  9.08603e-16
      7872.39  8.93439e-16
      7873.74  8.78124e-16
      7875.09  8.71158e-16
      7876.45  8.69821e-16
      7877.80  9.04346e-16
      7879.15  9.59906e-16
      7880.50  1.00705e-15
      7881.85  1.01523e-15
      7883.21  1.01994e-15
      7884.56  1.02123e-15
      7885.91  1.01576e-15
      7887.26  9.85838e-16
      7888.62  9.78424e-16
      7889.97  9.68466e-16
      7891.32  9.68756e-16
      7892.67  9.86569e-16
      7894.03  1.01459e-15
      7895.38  1.05856e-15
      7896.73  1.08271e-15
      7898.08  1.10075e-15
      7899.44  1.11131e-15
      7900.79  1.09074e-15
      7902.14  1.09519e-15
      7903.49  1.10493e-15
      7904.85  1.08228e-15
      7906.20  1.08373e-15
      7907.55  1.07011e-15
      7908.90  1.04787e-15
      7910.25  1.04451e-15
      7911.61  1.09140e-15
      7912.96  1.13488e-15
      7914.31  1.14535e-15
      7915.66  1.18826e-15
      7917.02  1.19925e-15
      7918.37  1.20208e-15
      7919.72  1.20471e-15
      7921.07  1.25035e-15
      7922.43  1.21520e-15
      7923.78  1.20846e-15
      7925.13  1.15990e-15
      7926.48  1.15826e-15
      7927.84  1.13521e-15
      7929.19  1.15995e-15
      7930.54  1.17866e-15
      7931.89  1.19709e-15
      7933.25  1.24203e-15
      7934.60  1.24870e-15
      7935.95  1.25268e-15
      7937.30  1.24757e-15
      7938.66  1.23336e-15
      7940.01  1.20526e-15
      7941.36  1.16035e-15
      7942.71  1.10416e-15
      7944.06  9.99855e-16
      7945.42  8.82790e-16
      7946.77  7.51609e-16
      7948.12  6.56392e-16
      7949.47  6.52479e-16
      7950.83  7.06224e-16
      7952.18  8.32600e-16
      7953.53  9.63689e-16
      7954.88  1.12141e-15
      7956.24  1.24379e-15
      7957.59  1.32662e-15
      7958.94  1.34661e-15
      7960.29  1.33651e-15
      7961.65  1.31567e-15
      7963.00  1.34476e-15
      7964.35  1.34445e-15
      7965.70  1.35458e-15
      7967.06  1.36294e-15
      7968.41  1.37460e-15
      7969.76  1.37631e-15
      7971.11  1.38308e-15
      7972.46  1.38876e-15
      7973.82  1.41402e-15
      7975.17  1.44643e-15
      7976.52  1.46628e-15
      7977.87  1.48824e-15
      7979.23  1.49906e-15
      7980.58  1.48984e-15
      7981.93  1.51192e-15
      7983.28  1.50735e-15
      7984.64  1.48369e-15
      7985.99  1.48459e-15
      7987.34  1.47331e-15
      7988.69  1.46989e-15
      7990.05  1.46465e-15
      7991.40  1.45556e-15
      7992.75  1.45619e-15
      7994.10  1.46933e-15
      7995.46  1.51591e-15
      7996.81  1.56362e-15
      7998.16  1.57531e-15
      7999.51  1.59603e-15
      8000.86  1.61478e-15
      8002.22  1.60334e-15
      8003.57  1.59630e-15
      8004.92  1.59176e-15
      8006.27  1.59234e-15
      8007.63  1.59725e-15
      8008.98  1.57585e-15
      8010.33  1.58676e-15
      8011.68  1.62558e-15
      8013.04  1.64385e-15
      8014.39  1.62767e-15
      8015.74  1.61837e-15
      8017.09  1.59428e-15
      8018.45  1.61621e-15
      8019.80  1.62389e-15
      8021.15  1.63997e-15
      8022.50  1.67302e-15
      8023.86  1.70176e-15
      8025.21  1.72765e-15
      8026.56  1.74064e-15
      8027.91  1.75757e-15
      8029.26  1.77294e-15
      8030.62  1.76972e-15
      8031.97  1.77201e-15
      8033.32  1.77890e-15
      8034.67  1.77040e-15
      8036.03  1.75003e-15
      8037.38  1.73440e-15
      8038.73  1.72265e-15
      8040.08  1.70136e-15
      8041.44  1.71411e-15
      8042.79  1.75620e-15
      8044.14  1.78291e-15
      8045.49  1.77836e-15
      8046.85  1.78017e-15
      8048.20  1.84322e-15
      8049.55  1.83392e-15
      8050.90  1.86716e-15
      8052.26  1.93092e-15
      8053.61  1.93552e-15
      8054.96  1.94887e-15
      8056.31  1.96613e-15
      8057.66  1.94170e-15
      8059.02  1.94822e-15
      8060.37  1.91583e-15
      8061.72  1.87489e-15
      8063.07  1.83226e-15
      8064.43  1.82100e-15
      8065.78  1.88065e-15
      8067.13  1.87539e-15
      8068.48  1.89961e-15
      8069.84  1.96440e-15
      8071.19  2.00629e-15
      8072.54  2.04680e-15
      8073.89  2.08044e-15
      8075.25  2.07965e-15
      8076.60  2.09194e-15
      8077.95  2.09459e-15
      8079.30  2.05109e-15
      8080.66  2.04297e-15
      8082.01  2.07652e-15
      8083.36  2.05483e-15
      8084.71  2.05003e-15
      8086.07  2.05511e-15
      8087.42  2.06297e-15
      8088.77  2.04965e-15
      8090.12  2.03566e-15
      8091.47  2.05832e-15
      8092.83  2.08939e-15
      8094.18  2.11453e-15
      8095.53  2.12199e-15
      8096.88  2.10684e-15
      8098.24  2.09803e-15
      8099.59  2.08819e-15
      8100.94  2.06818e-15
      8102.29  2.04403e-15
      8103.65  2.06319e-15
      8105.00  2.08291e-15
      8106.35  2.11182e-15
      8107.70  2.15378e-15
      8109.06  2.17933e-15
      8110.41  2.20234e-15
      8111.76  2.20665e-15
      8113.11  2.20865e-15
      8114.46  2.19896e-15
      8115.82  2.16160e-15
      8117.17  2.16095e-15
      8118.52  2.17258e-15
      8119.87  2.17118e-15
      8121.23  2.18944e-15
      8122.58  2.18683e-15
      8123.93  2.22776e-15
      8125.28  2.26583e-15
      8126.64  2.26183e-15
      8127.99  2.29360e-15
      8129.34  2.33197e-15
      8130.69  2.32494e-15
      8132.05  2.32402e-15
      8133.40  2.34392e-15
      8134.75  2.31464e-15
      8136.10  2.33035e-15
      8137.46  2.35155e-15
      8138.81  2.33161e-15
      8140.16  2.33693e-15
      8141.51  2.30442e-15
      8142.86  2.24862e-15
      8144.22  2.20951e-15
      8145.57  2.20356e-15
      8146.92  2.19048e-15
      8148.27  2.18613e-15
      8149.63  2.23819e-15
      8150.98  2.26715e-15
      8152.33  2.30794e-15
      8153.68  2.34732e-15
      8155.04  2.34751e-15
      8156.39  2.37954e-15
      8157.74  2.40683e-15
      8159.09  2.38323e-15
      8160.45  2.36594e-15
      8161.80  2.37099e-15
      8163.15  2.37900e-15
      8164.50  2.37849e-15
      8165.86  2.38959e-15
      8167.21  2.43122e-15
      8168.56  2.43729e-15
      8169.91  2.48090e-15
      8171.27  2.51735e-15
      8172.62  2.54346e-15
      8173.97  2.54135e-15
      8175.32  2.54453e-15
      8176.67  2.51258e-15
      8178.03  2.48214e-15
      8179.38  2.41537e-15
      8180.73  2.30365e-15
      8182.08  2.21633e-15
      8183.44  2.10904e-15
      8184.79  2.06784e-15
      8186.14  2.07395e-15
      8187.49  2.12123e-15
      8188.85  2.21460e-15
      8190.20  2.24312e-15
      8191.55  2.23384e-15
      8192.90  2.15497e-15
      8194.26  2.07215e-15
      8195.61  1.98362e-15
      8196.96  1.97916e-15
      8198.31  2.05032e-15
      8199.66  2.13592e-15
      8201.02  2.26171e-15
      8202.37  2.35230e-15
      8203.72  2.45743e-15
      8205.07  2.52356e-15
      8206.43  2.55538e-15
      8207.78  2.58655e-15
      8209.13  2.62581e-15
      8210.48  2.63549e-15
      8211.84  2.67882e-15
      8213.19  2.71869e-15
      8214.54  2.68960e-15
      8215.89  2.68153e-15
      8217.25  2.69839e-15
      8218.60  2.66856e-15
      8219.95  2.66836e-15
      8221.30  2.69265e-15
      8222.66  2.67781e-15
      8224.01  2.70658e-15
      8225.36  2.73948e-15
      8226.71  2.72892e-15
      8228.07  2.74982e-15
      8229.42  2.76908e-15
      8230.77  2.79953e-15
      8232.12  2.81715e-15
      8233.47  2.85478e-15
      8234.83  2.81268e-15
      8236.18  2.80190e-15
      8237.53  2.79690e-15
      8238.88  2.79194e-15
      8240.24  2.77558e-15
      8241.59  2.78642e-15
      8242.94  2.81521e-15
      8244.29  2.81245e-15
      8245.65  2.83864e-15
      8247.00  2.87988e-15
      8248.35  2.92879e-15
      8249.70  2.99014e-15
      8251.06  2.96576e-15
      8252.41  2.95712e-15
      8253.76  2.94714e-15
      8255.11  2.88630e-15
      8256.46  2.85845e-15
      8257.82  2.81736e-15
      8259.17  2.84415e-15
      8260.52  2.87807e-15
      8261.87  2.89346e-15
      8263.23  2.95927e-15
      8264.58  2.98868e-15
      8265.93  2.98288e-15
      8267.28  3.01432e-15
      8268.64  2.98872e-15
      8269.99  2.96703e-15
      8271.34  2.98528e-15
      8272.69  2.94589e-15
      8274.05  2.91841e-15
      8275.40  2.91039e-15
      8276.75  2.89889e-15
      8278.10  2.93092e-15
      8279.46  2.97119e-15
      8280.81  2.96026e-15
      8282.16  2.97338e-15
      8283.51  3.00909e-15
      8284.87  3.04233e-15
      8286.22  3.03216e-15
      8287.57  3.02115e-15
      8288.92  3.04653e-15
      8290.27  2.99124e-15
      8291.63  2.93607e-15
      8292.98  2.93776e-15
      8294.33  2.89275e-15
      8295.68  2.87478e-15
      8297.04  2.87897e-15
      8298.39  2.89832e-15
      8299.74  2.94927e-15
      8301.09  2.99456e-15
      8302.45  3.02131e-15
      8303.80  3.04831e-15
      8305.15  3.05988e-15
      8306.50  3.09640e-15
      8307.86  3.09842e-15
      8309.21  3.04202e-15
      8310.56  3.02733e-15
      8311.91  2.96690e-15
      8313.27  2.96435e-15
      8314.62  3.01878e-15
      8315.97  3.00587e-15
      8317.32  3.04925e-15
      8318.67  3.10547e-15
      8320.03  3.09124e-15
      8321.38  3.13801e-15
      8322.73  3.20260e-15
      8324.08  3.24965e-15
      8325.44  3.24434e-15
      8326.79  3.23070e-15
      8328.14  3.18983e-15
      8329.49  3.16215e-15
      8330.85  3.15199e-15
      8332.20  3.14601e-15
      8333.55  3.12498e-15
      8334.90  3.14381e-15
      8336.26  3.14719e-15
      8337.61  3.14594e-15
      8338.96  3.21048e-15
      8340.31  3.24845e-15
      8341.67  3.26517e-15
      8343.02  3.26001e-15
      8344.37  3.24933e-15
      8345.72  3.31037e-15
      8347.07  3.33059e-15
      8348.43  3.29396e-15
      8349.78  3.30168e-15
      8351.13  3.34501e-15
      8352.48  3.36008e-15
      8353.84  3.30720e-15
      8355.19  3.29238e-15
      8356.54  3.26729e-15
      8357.89  3.25314e-15
      8359.25  3.25959e-15
      8360.60  3.24440e-15
      8361.95  3.25864e-15
      8363.30  3.29102e-15
      8364.66  3.37377e-15
      8366.01  3.41271e-15
      8367.36  3.43027e-15
      8368.71  3.47794e-15
      8370.07  3.51302e-15
      8371.42  3.53756e-15
      8372.77  3.46461e-15
      8374.12  3.42827e-15
      8375.47  3.39762e-15
      8376.83  3.37326e-15
      8378.18  3.35484e-15
      8379.53  3.37637e-15
      8380.88  3.39411e-15
      8382.24  3.44907e-15
      8383.59  3.44475e-15
      8384.94  3.48455e-15
      8386.29  3.44812e-15
      8387.65  3.44926e-15
      8389.00  3.47072e-15
      8390.35  3.43456e-15
      8391.70  3.46548e-15
      8393.06  3.46196e-15
      8394.41  3.47520e-15
      8395.76  3.48709e-15
      8397.11  3.49461e-15
      8398.47  3.54688e-15
      8399.82  3.54228e-15
      8401.17  3.54713e-15
      8402.52  3.54757e-15
      8403.88  3.52217e-15
      8405.23  3.54342e-15
      8406.58  3.57247e-15
      8407.93  3.58924e-15
      8409.28  3.61734e-15
      8410.64  3.67986e-15
      8411.99  3.69455e-15
      8413.34  3.70412e-15
      8414.69  3.73490e-15
      8416.05  3.73040e-15
      8417.40  3.69835e-15
      8418.75  3.69909e-15
      8420.10  3.67596e-15
      8421.46  3.62715e-15
      8422.81  3.63460e-15
      8424.16  3.63056e-15
      8425.51  3.64370e-15
      8426.87  3.66386e-15
      8428.22  3.70077e-15
      8429.57  3.69582e-15
      8430.92  3.66830e-15
      8432.28  3.67246e-15
      8433.63  3.64629e-15
      8434.98  3.60892e-15
      8436.33  3.56404e-15
      8437.68  3.57029e-15
      8439.04  3.49899e-15
      8440.39  3.45117e-15
      8441.74  3.44976e-15
      8443.09  3.42986e-15
      8444.45  3.43037e-15
      8445.80  3.43859e-15
      8447.15  3.40994e-15
      8448.50  3.42906e-15
      8449.86  3.42296e-15
      8451.21  3.41979e-15
      8452.56  3.41665e-15
      8453.91  3.42467e-15
      8455.27  3.39129e-15
      8456.62  3.35447e-15
      8457.97  3.34580e-15
      8459.32  3.35841e-15
      8460.67  3.36131e-15
      8462.03  3.35681e-15
      8463.38  3.35962e-15
      8464.73  3.34477e-15
      8466.09  3.34273e-15
      8467.44  3.36139e-15
      8468.79  3.39648e-15
      8470.14  3.41716e-15
      8471.49  3.42994e-15
      8472.85  3.48148e-15
      8474.20  3.44820e-15
      8475.55  3.43891e-15
      8476.90  3.39482e-15
      8478.26  3.31920e-15
      8479.61  3.27666e-15
      8480.96  3.20814e-15
      8482.31  3.22677e-15
      8483.66  3.22830e-15
      8485.02  3.24547e-15
      8486.37  3.30587e-15
      8487.72  3.36207e-15
      8489.08  3.41713e-15
      8490.43  3.45742e-15
      8491.78  3.45227e-15
      8493.13  3.47789e-15
      8494.48  3.45402e-15
      8495.84  3.39497e-15
      8497.19  3.37517e-15
      8498.54  3.33880e-15
      8499.89  3.29190e-15
      8501.25  3.29738e-15
      8502.60  3.33069e-15
      8503.95  3.36689e-15
      8505.30  3.43582e-15
      8506.66  3.46114e-15
      8508.01  3.48216e-15
      8509.36  3.51130e-15
      8510.71  3.47727e-15
      8512.07  3.44497e-15
      8513.42  3.41143e-15
      8514.77  3.29410e-15
      8516.12  3.12751e-15
      8517.47  2.91135e-15
      8518.83  2.67893e-15
      8520.18  2.43048e-15
      8521.53  2.20910e-15
      8522.88  2.15962e-15
      8524.24  2.25946e-15
      8525.59  2.49277e-15
      8526.94  2.78551e-15
      8528.29  3.09528e-15
      8529.65  3.28949e-15
      8531.00  3.44404e-15
      8532.35  3.52952e-15
      8533.70  3.56485e-15
      8535.06  3.52961e-15
      8536.41  3.52677e-15
      8537.76  3.54561e-15
      8539.11  3.53544e-15
      8540.47  3.53355e-15
      8541.82  3.61509e-15
      8543.17  3.70305e-15
      8544.52  3.74131e-15
      8545.87  3.75163e-15
      8547.23  3.80404e-15
      8548.58  3.81604e-15
      8549.93  3.85100e-15
      8551.28  3.87914e-15
      8552.64  3.87523e-15
      8553.99  3.89242e-15
      8555.34  3.88217e-15
      8556.69  3.87398e-15
      8558.05  3.83427e-15
      8559.40  3.84402e-15
      8560.75  3.81483e-15
      8562.10  3.78642e-15
      8563.46  3.76020e-15
      8564.81  3.76661e-15
      8566.16  3.77545e-15
      8567.51  3.77821e-15
      8568.87  3.84773e-15
      8570.22  3.87880e-15
      8571.57  3.85464e-15
      8572.92  3.84935e-15
      8574.28  3.87832e-15
      8575.63  3.90914e-15
      8576.98  3.91420e-15
      8578.33  3.90780e-15
      8579.68  3.93658e-15
      8581.04  3.98684e-15
      8582.39  3.97776e-15
      8583.74  3.94269e-15
      8585.09  3.93265e-15
      8586.45  3.91211e-15
      8587.80  3.87705e-15
      8589.15  3.87837e-15
      8590.50  3.89974e-15
      8591.86  3.88374e-15
      8593.21  3.90591e-15
      8594.56  3.95459e-15
      8595.91  3.97287e-15
      8597.27  4.01985e-15
      8598.62  4.04083e-15
      8599.97  4.03246e-15
      8601.32  4.03099e-15
      8602.67  4.01394e-15
      8604.03  3.99764e-15
      8605.38  3.94921e-15
      8606.73  3.86910e-15
      8608.08  3.74398e-15
      8609.44  3.54119e-15
      8610.79  3.28063e-15
      8612.14  2.99085e-15
      8613.49  2.68858e-15
      8614.85  2.41597e-15
      8616.20  2.20736e-15
      8617.55  2.04097e-15
      8618.90  1.96742e-15
      8620.26  1.94749e-15
      8621.61  1.97188e-15
      8622.96  1.99383e-15
      8624.31  2.00138e-15
      8625.67  2.00358e-15
      8627.02  1.97839e-15
      8628.37  1.95430e-15
      8629.72  1.90173e-15
      8631.08  1.82430e-15
      8632.43  1.77818e-15
      8633.78  1.75381e-15
      8635.13  1.76138e-15
      8636.48  1.80044e-15
      8637.84  1.85895e-15
      8639.19  1.94258e-15
      8640.54  2.01564e-15
      8641.89  2.06449e-15
      8643.25  2.10755e-15
      8644.60  2.15469e-15
      8645.95  2.16763e-15
      8647.30  2.21224e-15
      8648.66  2.26625e-15
      8650.01  2.31915e-15
      8651.36  2.40700e-15
      8652.71  2.53273e-15
      8654.07  2.60902e-15
      8655.42  2.66461e-15
      8656.77  2.66923e-15
      8658.12  2.66863e-15
      8659.48  2.63312e-15
      8660.83  2.61763e-15
      8662.18  2.60741e-15
      8663.53  2.63676e-15
      8664.88  2.66224e-15
      8666.24  2.72856e-15
      8667.59  2.74926e-15
      8668.94  2.78901e-15
      8670.29  2.76374e-15
      8671.65  2.73218e-15
      8673.00  2.69990e-15
      8674.35  2.72294e-15
      8675.70  2.75759e-15
      8677.06  2.79610e-15
      8678.41  2.82709e-15
      8679.76  2.80233e-15
      8681.11  2.67820e-15
      8682.47  2.58095e-15
      8683.82  2.49542e-15
      8685.17  2.49489e-15
      8686.52  2.55411e-15
      8687.88  2.65513e-15
      8689.23  2.71622e-15
      8690.58  2.70344e-15
      8691.93  2.61017e-15
      8693.28  2.47528e-15
      8694.64  2.31652e-15
      8695.99  2.12622e-15
      8697.34  1.98822e-15
      8698.69  1.95476e-15
      8700.05  1.95362e-15
      8701.40  1.99361e-15
      8702.75  2.03800e-15
      8704.10  2.07633e-15
      8705.46  2.06885e-15
      8706.81  2.05809e-15
      8708.16  2.01897e-15
      8709.51  1.99713e-15
      8710.87  1.94153e-15
      8712.22  1.94599e-15
      8713.57  1.95980e-15
      8714.92  2.00289e-15
      8716.28  2.00357e-15
      8717.63  2.02789e-15
      8718.98  2.05428e-15
      8720.33  2.01019e-15
      8721.68  1.99147e-15
      8723.04  1.97347e-15
      8724.39  1.97850e-15
      8725.74  2.02892e-15
      8727.09  2.10110e-15
      8728.45  2.15432e-15
      8729.80  2.18296e-15
      8731.15  2.17636e-15
      8732.50  2.16086e-15
      8733.86  2.16288e-15
      8735.21  2.18547e-15
      8736.56  2.15807e-15
      8737.91  2.18573e-15
      8739.27  2.24129e-15
      8740.62  2.30121e-15
      8741.97  2.35758e-15
      8743.32  2.40219e-15
      8744.68  2.44542e-15
      8746.03  2.47360e-15
      8747.38  2.47240e-15
      8748.73  2.44753e-15
      8750.09  2.44239e-15
      8751.44  2.40157e-15
      8752.79  2.39644e-15
      8754.14  2.40636e-15
      8755.49  2.45408e-15
      8756.85  2.49793e-15
      8758.20  2.50698e-15
      8759.55  2.53586e-15
      8760.90  2.53708e-15
      8762.26  2.50419e-15
      8763.61  2.48832e-15
      8764.96  2.45294e-15
      8766.31  2.39972e-15
      8767.67  2.36263e-15
      8769.02  2.40694e-15
      8770.37  2.50073e-15
      8771.72  2.58415e-15
      8773.08  2.72226e-15
      8774.43  2.88941e-15
      8775.78  2.93920e-15
      8777.13  2.97297e-15
      8778.49  2.91329e-15
      8779.84  2.77964e-15
      8781.19  2.68185e-15
      8782.54  2.61089e-15
      8783.89  2.57977e-15
      8785.25  2.53288e-15
      8786.60  2.52939e-15
      8787.95  2.49501e-15
      8789.30  2.47406e-15
      8790.66  2.49754e-15
      8792.01  2.51082e-15
      8793.36  2.55519e-15
      8794.71  2.61006e-15
      8796.07  2.70835e-15
      8797.42  2.75934e-15
      8798.77  2.71686e-15
      8800.12  2.62409e-15
      8801.48  2.53366e-15
      8802.83  2.45445e-15
      8804.18  2.38596e-15
      8805.53  2.34524e-15
      8806.88  2.34591e-15
      8808.24  2.38470e-15
      8809.59  2.46499e-15
      8810.94  2.61006e-15
      8812.30  2.78636e-15
      8813.65  2.97230e-15
      8815.00  3.10763e-15
      8816.35  3.18163e-15
      8817.70  3.27666e-15
      8819.06  3.28379e-15
      8820.41  3.22741e-15
      8821.76  3.12042e-15
      8823.11  2.98650e-15
      8824.47  2.83435e-15
      8825.82  2.73921e-15
      8827.17  2.70404e-15
      8828.52  2.74129e-15
      8829.88  2.84892e-15
      8831.23  2.90626e-15
      8832.58  2.96362e-15
      8833.93  2.98932e-15
      8835.29  3.00533e-15
      8836.64  3.03130e-15
      8837.99  3.06977e-15
      8839.34  3.12815e-15
      8840.69  3.14980e-15
      8842.05  3.14731e-15
      8843.40  3.10205e-15
      8844.75  2.97797e-15
      8846.10  2.85064e-15
      8847.46  2.76207e-15
      8848.81  2.68466e-15
      8850.16  2.70877e-15
      8851.51  2.85811e-15
      8852.87  3.02930e-15
      8854.22  3.15750e-15
      8855.57  3.20806e-15
      8856.92  3.17936e-15
      8858.28  3.08955e-15
      8859.63  2.99599e-15
      8860.98  3.00296e-15
      8862.33  3.04857e-15
      8863.69  3.10034e-15
      8865.04  3.13467e-15
      8866.39  3.14145e-15
      8867.74  3.12282e-15
      8869.09  3.03347e-15
      8870.45  2.89911e-15
      8871.80  2.80548e-15
      8873.15  2.74743e-15
      8874.50  2.80179e-15
      8875.86  2.94335e-15
      8877.21  3.13315e-15
      8878.56  3.35409e-15
      8879.91  3.47700e-15
      8881.27  3.47682e-15
      8882.62  3.35384e-15
      8883.97  3.24226e-15
      8885.32  3.14317e-15
      8886.68  3.07503e-15
      8888.03  3.16280e-15
      8889.38  3.25454e-15
      8890.73  3.36684e-15
      8892.08  3.44358e-15
      8893.44  3.38116e-15
      8894.79  3.28602e-15
      8896.14  3.18933e-15
      8897.50  3.10879e-15
      8898.85  3.05305e-15
      8900.20  3.16290e-15
      8901.55  3.30152e-15
      8902.90  3.40636e-15
      8904.26  3.50119e-15
      8905.61  3.53926e-15
      8906.96  3.43079e-15
      8908.31  3.35751e-15
      8909.67  3.29345e-15
      8911.02  3.24065e-15
      8912.37  3.22578e-15
      8913.72  3.29153e-15
      8915.08  3.38234e-15
      8916.43  3.49223e-15
      8917.78  3.53101e-15
      8919.13  3.55140e-15
      8920.49  3.54581e-15
      8921.84  3.46243e-15
      8923.19  3.35132e-15
      8924.54  3.27854e-15
      8925.89  3.19828e-15
      8927.25  3.15976e-15
      8928.60  3.16240e-15
      8929.95  3.33329e-15
      8931.30  3.48574e-15
      8932.66  3.66250e-15
      8934.01  3.74008e-15
      8935.36  3.67314e-15
      8936.71  3.58903e-15
      8938.07  3.42322e-15
      8939.42  3.20484e-15
      8940.77  2.94701e-15
      8942.12  2.73332e-15
      8943.48  2.59597e-15
      8944.83  2.58505e-15
      8946.18  2.67266e-15
      8947.53  2.80215e-15
      8948.89  3.01085e-15
      8950.24  3.17147e-15
      8951.59  3.22579e-15
      8952.94  3.26299e-15
      8954.29  3.32042e-15
      8955.65  3.44558e-15
      8957.00  3.55508e-15
      8958.35  3.70258e-15
      8959.70  3.76492e-15
      8961.06  3.79647e-15
      8962.41  3.76847e-15
      8963.76  3.64936e-15
      8965.11  3.55426e-15
      8966.47  3.45833e-15
      8967.82  3.41593e-15
      8969.17  3.44908e-15
      8970.52  3.51939e-15
      8971.88  3.58888e-15
      8973.23  3.67450e-15
      8974.58  3.72615e-15
      8975.93  3.81769e-15
      8977.29  3.81523e-15
      8978.64  3.84380e-15
      8979.99  3.78447e-15
      8981.34  3.72599e-15
      8982.70  3.71750e-15
      8984.05  3.71702e-15
      8985.40  3.76915e-15
      8986.75  3.93896e-15
      8988.10  4.06953e-15
      8989.46  4.05263e-15
      8990.81  4.02353e-15
      8992.16  3.97098e-15
      8993.51  3.90792e-15
      8994.87  3.83515e-15
      8996.22  3.72420e-15
      8997.57  3.59619e-15
      8998.92  3.52253e-15
      9000.28  3.52296e-15
      9001.63  3.56489e-15
      9002.98  3.69392e-15
      9004.33  3.86215e-15
      9005.69  4.00959e-15
      9007.04  4.03738e-15
      9008.39  4.08325e-15
      9009.74  4.06780e-15
      9011.09  4.03577e-15
      9012.45  4.02056e-15
      9013.80  4.00601e-15
      9015.15  4.03684e-15
      9016.50  4.05247e-15
      9017.86  3.99393e-15
      9019.21  3.99214e-15
      9020.56  3.93433e-15
      9021.91  3.82667e-15
      9023.27  3.65966e-15
      9024.62  3.52688e-15
      9025.97  3.44567e-15
      9027.32  3.42401e-15
      9028.68  3.42883e-15
      9030.03  3.51757e-15
      9031.38  3.60708e-15
      9032.73  3.74851e-15
      9034.09  3.91625e-15
      9035.44  4.10388e-15
      9036.79  4.25034e-15
      9038.14  4.36662e-15
      9039.49  4.35097e-15
      9040.85  4.26519e-15
      9042.20  4.18934e-15
      9043.55  4.08631e-15
      9044.90  4.00719e-15
      9046.26  3.96617e-15
      9047.61  4.01387e-15
      9048.96  4.10833e-15
      9050.31  4.15956e-15
      9051.67  4.16262e-15
      9053.02  4.14582e-15
      9054.37  4.12188e-15
      9055.72  4.03630e-15
      9057.08  3.94205e-15
      9058.43  3.82046e-15
      9059.78  3.77094e-15
      9061.13  3.69714e-15
      9062.49  3.68469e-15
      9063.84  3.66730e-15
      9065.19  3.68982e-15
      9066.54  3.69147e-15
      9067.90  3.68370e-15
      9069.25  3.68088e-15
      9070.60  3.72307e-15
      9071.95  3.80470e-15
      9073.30  3.79566e-15
      9074.66  3.88495e-15
      9076.01  3.93525e-15
      9077.36  4.06806e-15
      9078.71  4.13745e-15
      9080.07  4.21777e-15
      9081.42  4.22321e-15
      9082.77  4.17151e-15
      9084.12  4.14999e-15
      9085.48  4.11373e-15
      9086.83  4.08321e-15
      9088.18  4.06437e-15
      9089.53  4.06424e-15
      9090.89  4.06445e-15
      9092.24  4.15125e-15
      9093.59  4.22084e-15
      9094.94  4.29832e-15
      9096.29  4.40197e-15
      9097.65  4.45865e-15
      9099.00  4.49485e-15
      9100.35  4.52263e-15
      9101.70  4.51377e-15
      9103.06  4.49331e-15
      9104.41  4.40870e-15
      9105.76  4.30995e-15
      9107.11  4.25028e-15
      9108.47  4.23976e-15
      9109.82  4.25201e-15
      9111.17  4.23999e-15
      9112.52  4.31035e-15
      9113.88  4.38541e-15
      9115.23  4.43864e-15
      9116.58  4.48333e-15
      9117.93  4.53120e-15
      9119.29  4.59458e-15
      9120.64  4.67167e-15
      9121.99  4.70545e-15
      9123.34  4.74955e-15
      9124.70  4.69611e-15
      9126.05  4.67536e-15
      9127.40  4.65062e-15
      9128.75  4.63398e-15
      9130.10  4.65167e-15
      9131.46  4.65701e-15
      9132.81  4.71275e-15
      9134.16  4.72471e-15
      9135.51  4.69481e-15
      9136.87  4.59881e-15
      9138.22  4.48274e-15
      9139.57  4.38081e-15
      9140.92  4.35449e-15
      9142.28  4.35107e-15
      9143.63  4.41926e-15
      9144.98  4.49603e-15
      9146.33  4.60652e-15
      9147.69  4.64252e-15
      9149.04  4.69508e-15
      9150.39  4.73421e-15
      9151.74  4.69532e-15
      9153.10  4.79347e-15
      9154.45  4.90476e-15
      9155.80  4.99997e-15
      9157.15  5.13088e-15
      9158.50  5.19543e-15
      9159.86  5.13162e-15
      9161.21  5.05284e-15
      9162.56  4.94470e-15
      9163.91  4.89717e-15
      9165.27  4.91056e-15
      9166.62  4.89812e-15
      9167.97  4.96911e-15
      9169.32  4.99277e-15
      9170.68  4.99832e-15
      9172.03  4.91424e-15
      9173.38  4.83595e-15
      9174.73  4.75085e-15
      9176.09  4.69217e-15
      9177.44  4.71677e-15
      9178.79  4.76135e-15
      9180.14  4.80960e-15
      9181.50  4.83724e-15
      9182.85  4.85452e-15
      9184.20  4.85262e-15
      9185.55  4.92561e-15
      9186.91  4.95475e-15
      9188.26  5.06770e-15
      9189.61  5.23646e-15
      9190.96  5.30505e-15
      9192.31  5.38484e-15
      9193.67  5.32693e-15
      9195.02  5.30718e-15
      9196.37  5.34738e-15
      9197.72  5.39137e-15
      9199.08  5.44646e-15
      9200.43  5.52456e-15
      9201.78  5.60539e-15
      9203.13  5.57422e-15
      9204.49  5.57341e-15
      9205.84  5.48530e-15
      9207.19  5.31533e-15
      9208.54  5.14831e-15
      9209.90  5.00800e-15
      9211.25  4.84954e-15
      9212.60  4.74309e-15
      9213.95  4.72540e-15
      9215.30  4.79469e-15
      9216.66  4.91281e-15
      9218.01  5.01229e-15
      9219.36  5.12295e-15
      9220.71  5.22411e-15
      9222.07  5.26980e-15
      9223.42  5.35679e-15
      9224.77  5.36145e-15
      9226.12  5.38399e-15
      9227.48  5.34407e-15
      9228.83  5.26628e-15
      9230.18  5.17134e-15
      9231.53  5.09974e-15
      9232.89  5.00905e-15
      9234.24  4.95557e-15
      9235.59  4.90693e-15
      9236.94  4.84924e-15
      9238.30  4.89478e-15
      9239.65  4.99152e-15
      9241.00  5.14932e-15
      9242.35  5.26890e-15
      9243.71  5.43081e-15
      9245.06  5.49280e-15
      9246.41  5.39689e-15
      9247.76  5.28805e-15
      9249.11  5.17101e-15
      9250.47  5.05908e-15
      9251.82  5.00952e-15
      9253.17  4.99824e-15
      9254.52  5.06195e-15
      9255.88  5.15972e-15
      9257.23  5.29616e-15
      9258.58  5.27690e-15
      9259.93  5.22671e-15
      9261.29  5.15922e-15
      9262.64  5.05503e-15
      9263.99  5.02995e-15
      9265.34  5.05585e-15
      9266.70  5.11004e-15
      9268.05  5.22315e-15
      9269.40  5.29146e-15
      9270.75  5.26864e-15
      9272.11  5.18251e-15
      9273.46  5.08440e-15
      9274.81  4.93366e-15
      9276.16  4.78679e-15
      9277.51  4.63591e-15
      9278.87  4.56722e-15
      9280.22  4.56945e-15
      9281.57  4.52586e-15
      9282.92  4.56827e-15
      9284.28  4.66975e-15
      9285.63  4.79227e-15
      9286.98  4.83159e-15
      9288.33  4.85139e-15
      9289.69  4.90642e-15
      9291.04  4.83400e-15
      9292.39  4.79637e-15
      9293.74  4.80468e-15
      9295.10  4.77527e-15
      9296.45  4.75751e-15
      9297.80  4.75236e-15
      9299.15  4.75351e-15
      9300.50  4.75668e-15
      9301.86  4.74424e-15
      9303.21  4.77587e-15
      9304.56  4.83968e-15
      9305.92  4.90521e-15
      9307.27  4.94218e-15
      9308.62  5.02794e-15
      9309.97  5.09429e-15
      9311.32  5.16931e-15
      9312.68  5.25566e-15
      9314.03  5.26738e-15
      9315.38  5.29617e-15
      9316.73  5.20625e-15
      9318.09  5.03979e-15
      9319.44  5.04061e-15
      9320.79  5.09653e-15
      9322.14  5.06876e-15
      9323.50  5.07880e-15
      9324.85  5.03005e-15
      9326.20  4.98847e-15
      9327.55  5.03965e-15
      9328.91  5.09512e-15
      9330.26  5.14411e-15
      9331.61  5.15594e-15
      9332.96  5.19392e-15
      9334.31  5.15542e-15
      9335.67  5.12918e-15
      9337.02  5.20967e-15
      9338.37  5.27810e-15
      9339.72  5.23036e-15
      9341.08  5.17845e-15
      9342.43  5.16436e-15
      9343.78  5.07548e-15
      9345.13  5.01986e-15
      9346.49  5.02366e-15
      9347.84  5.11904e-15
      9349.19  5.31447e-15
      9350.54  5.47984e-15
      9351.90  5.48708e-15
      9353.25  5.42891e-15
      9354.60  5.37152e-15
      9355.95  5.27350e-15
      9357.30  5.28921e-15
      9358.66  5.45035e-15
      9360.01  5.52635e-15
      9361.36  5.63353e-15
      9362.71  5.81123e-15
      9364.07  5.80097e-15
      9365.42  5.78954e-15
      9366.77  5.73136e-15
      9368.12  5.52253e-15
      9369.48  5.36549e-15
      9370.83  5.29546e-15
      9372.18  5.25389e-15
      9373.53  5.19836e-15
      9374.89  5.25111e-15
      9376.24  5.38637e-15
      9377.59  5.45124e-15
      9378.94  5.45647e-15
      9380.30  5.49757e-15
      9381.65  5.50544e-15
      9383.00  5.44926e-15
      9384.35  5.49576e-15
      9385.70  5.60456e-15
      9387.06  5.64008e-15
      9388.41  5.66732e-15
      9389.76  5.72281e-15
      9391.11  5.77044e-15
      9392.47  5.82440e-15
      9393.82  5.81935e-15
      9395.17  5.77670e-15
      9396.52  5.65621e-15
      9397.88  5.58272e-15
      9399.23  5.63527e-15
      9400.58  5.67410e-15
      9401.93  5.68397e-15
      9403.29  5.78352e-15
      9404.64  5.84565e-15
      9405.99  5.99448e-15
      9407.34  6.15479e-15
      9408.70  6.26838e-15
      9410.05  6.46667e-15
      9411.40  6.54805e-15
      9412.75  6.57057e-15
      9414.11  6.49435e-15
      9415.46  6.30471e-15
      9416.81  6.18526e-15
      9418.16  6.04787e-15
      9419.51  5.93100e-15
      9420.87  5.89788e-15
      9422.22  5.88365e-15
      9423.57  5.91315e-15
      9424.92  5.84380e-15
      9426.28  5.84398e-15
      9427.63  5.88835e-15
      9428.98  5.94107e-15
      9430.33  6.03809e-15
      9431.69  6.21790e-15
      9433.04  6.50747e-15
      9434.39  6.71883e-15
      9435.74  6.78249e-15
      9437.10  6.69379e-15
      9438.45  6.56813e-15
      9439.80  6.27473e-15
      9441.15  6.01001e-15
      9442.50  5.76296e-15
      9443.86  5.65182e-15
      9445.21  5.65926e-15
      9446.56  5.73028e-15
      9447.91  5.83574e-15
      9449.27  5.98083e-15
      9450.62  6.04557e-15
      9451.97  6.05412e-15
      9453.32  6.06325e-15
      9454.68  6.10486e-15
      9456.03  6.01661e-15
      9457.38  5.97580e-15
      9458.73  5.90079e-15
      9460.09  5.88444e-15
      9461.44  5.92515e-15
      9462.79  5.98558e-15
      9464.14  6.05709e-15
      9465.50  6.18085e-15
      9466.85  6.21042e-15
      9468.20  6.27768e-15
      9469.55  6.27587e-15
      9470.91  6.24748e-15
      9472.26  6.24904e-15
      9473.61  6.24490e-15
      9474.96  6.34981e-15
      9476.31  6.40532e-15
      9477.67  6.41136e-15
      9479.02  6.51420e-15
      9480.37  6.45565e-15
      9481.72  6.43262e-15
      9483.08  6.35786e-15
      9484.43  6.33403e-15
      9485.78  6.38674e-15
      9487.13  6.57345e-15
      9488.49  6.70770e-15
      9489.84  6.82019e-15
      9491.19  6.83482e-15
      9492.54  6.88345e-15
      9493.90  6.81136e-15
      9495.25  6.75225e-15
      9496.60  6.69669e-15
      9497.95  6.71580e-15
      9499.31  6.59349e-15
      9500.66  6.54697e-15
      9502.01  6.45047e-15
      9503.36  6.42481e-15
      9504.71  6.47383e-15
      9506.07  6.52594e-15
      9507.42  6.53714e-15
      9508.77  6.66756e-15
      9510.12  6.70434e-15
      9511.48  6.75567e-15
      9512.83  6.84009e-15
      9514.18  6.82381e-15
      9515.53  6.72496e-15
      9516.89  6.59890e-15
      9518.24  6.58075e-15
      9519.59  6.51683e-15
      9520.94  6.61537e-15
      9522.30  6.60305e-15
      9523.65  6.70453e-15
      9525.00  6.92649e-15
      9526.35  7.02738e-15
      9527.71  7.08412e-15
      9529.06  7.06896e-15
      9530.41  7.12590e-15
      9531.76  7.14343e-15
      9533.12  7.06336e-15
      9534.47  6.99746e-15
      9535.82  7.02922e-15
      9537.17  6.96346e-15
      9538.52  7.09750e-15
      9539.88  7.24880e-15
      9541.23  7.34772e-15
      9542.58  7.45869e-15
      9543.93  7.52993e-15
      9545.29  7.52598e-15
      9546.64  7.47042e-15
      9547.99  7.48525e-15
      9549.34  7.40294e-15
      9550.70  7.24966e-15
      9552.05  7.17275e-15
      9553.40  7.08834e-15
      9554.75  6.96115e-15
      9556.11  6.91660e-15
      9557.46  6.98046e-15
      9558.81  7.01137e-15
      9560.16  7.00840e-15
      9561.51  7.00168e-15
      9562.87  7.03120e-15
      9564.22  6.96029e-15
      9565.57  6.89901e-15
      9566.92  6.94118e-15
      9568.28  6.96952e-15
      9569.63  7.00491e-15
      9570.98  7.10066e-15
      9572.33  7.15233e-15
      9573.69  7.26732e-15
      9575.04  7.25302e-15
      9576.39  7.18112e-15
      9577.74  7.10547e-15
      9579.10  7.02922e-15
      9580.45  6.94507e-15
      9581.80  6.80418e-15
      9583.15  6.78190e-15
      9584.51  6.76740e-15
      9585.86  6.73847e-15
      9587.21  6.62275e-15
      9588.56  6.47100e-15
      9589.92  6.32711e-15
      9591.27  6.23013e-15
      9592.62  6.18844e-15
      9593.97  6.11269e-15
      9595.32  6.11707e-15
      9596.68  6.18713e-15
      9598.03  6.16642e-15
      9599.38  6.25359e-15
      9600.73  6.29201e-15
      9602.09  6.33149e-15
      9603.44  6.39698e-15
      9604.79  6.48574e-15
      9606.14  6.47330e-15
      9607.50  6.46119e-15
      9608.85  6.42410e-15
      9610.20  6.38398e-15
      9611.55  6.35772e-15
      9612.91  6.43318e-15
      9614.26  6.38433e-15
      9615.61  6.40071e-15
      9616.96  6.51436e-15
      9618.32  6.62295e-15
      9619.67  6.74704e-15
      9621.02  6.84312e-15
      9622.37  6.86876e-15
      9623.72  6.86078e-15
      9625.08  6.95067e-15
      9626.43  7.00352e-15
      9627.78  6.77076e-15
      9629.13  6.86665e-15
      9630.49  6.78856e-15
      9631.84  6.64371e-15
      9633.19  6.57557e-15
      9634.54  6.41403e-15
      9635.90  6.30449e-15
      9637.25  6.13126e-15
      9638.60  5.95408e-15
      9639.95  5.96633e-15
      9641.31  5.95401e-15
      9642.66  5.98334e-15
      9644.01  6.09812e-15
      9645.36  6.21282e-15
      9646.71  6.21027e-15
      9648.07  6.35173e-15
      9649.42  6.40181e-15
      9650.77  6.43832e-15
      9652.13  6.35666e-15
      9653.48  6.29555e-15
      9654.83  6.38711e-15
      9656.18  6.45641e-15
      9657.53  6.60358e-15
      9658.89  6.66756e-15
      9660.24  6.77426e-15
      9661.59  6.80147e-15
      9662.94  6.81597e-15
      9664.30  6.73300e-15
      9665.65  6.74276e-15
      9667.00  6.77063e-15
      9668.35  6.72509e-15
      9669.71  6.77300e-15
      9671.06  6.71554e-15
      9672.41  6.83297e-15
      9673.76  6.89169e-15
      9675.12  6.94744e-15
      9676.47  6.99634e-15
      9677.82  6.94652e-15
      9679.17  6.88760e-15
      9680.52  6.84227e-15
      9681.88  6.75152e-15
      9683.23  6.76536e-15
      9684.58  6.86612e-15
      9685.93  6.79666e-15
      9687.29  6.79132e-15
      9688.64  6.81907e-15
      9689.99  6.86289e-15
      9691.34  6.96893e-15
      9692.70  6.91917e-15
      9694.05  6.97275e-15
      9695.40  7.04880e-15
      9696.75  7.15740e-15
      9698.11  7.11015e-15
      9699.46  7.04379e-15
      9700.81  7.16728e-15
      9702.16  7.17098e-15
      9703.52  7.20445e-15
      9704.87  7.16313e-15
      9706.22  7.23417e-15
      9707.57  7.22323e-15
      9708.92  7.16550e-15
      9710.28  7.29256e-15
      9711.63  7.30231e-15
      9712.98  7.34765e-15
      9714.33  7.51451e-15
      9715.69  7.50324e-15
      9717.04  7.51504e-15
      9718.39  7.56598e-15
      9719.74  7.54219e-15
      9721.10  7.51458e-15
      9722.45  7.42535e-15
      9723.80  7.35727e-15
      9725.15  7.34245e-15
      9726.51  7.30660e-15
      9727.86  7.28103e-15
      9729.21  7.25421e-15
      9730.56  7.23688e-15
      9731.91  7.30752e-15
      9733.27  7.29566e-15
      9734.62  7.26482e-15
      9735.97  7.26495e-15
      9737.33  7.25177e-15
      9738.68  7.18198e-15
      9740.03  7.18949e-15
      9741.38  7.20656e-15
      9742.73  7.24287e-15
      9744.09  7.29460e-15
      9745.44  7.28129e-15
      9746.79  7.35760e-15
      9748.14  7.37408e-15
      9749.50  7.34027e-15
      9750.85  7.33731e-15
      9752.20  7.35240e-15
      9753.55  7.41368e-15
      9754.91  7.45191e-15
      9756.26  7.44993e-15
      9757.61  7.46713e-15
      9758.96  7.48921e-15
      9760.32  7.53639e-15
      9761.67  7.58443e-15
      9763.02  7.50581e-15
      9764.37  7.48650e-15
      9765.72  7.55563e-15
      9767.08  7.71056e-15
      9768.43  7.73824e-15
      9769.78  7.69462e-15
      9771.13  7.64895e-15
      9772.49  7.72256e-15
      9773.84  7.71597e-15
      9775.19  7.65593e-15
      9776.54  7.72730e-15
      9777.90  7.75828e-15
      9779.25  7.79597e-15
      9780.60  7.82418e-15
      9781.95  7.75050e-15
      9783.31  7.76124e-15
      9784.66  7.72822e-15
      9786.01  7.85699e-15
      9787.36  7.79907e-15
      9788.72  7.78562e-15
      9790.07  7.86839e-15
      9791.42  7.83195e-15
      9792.77  7.90754e-15
      9794.12  7.94589e-15
      9795.48  7.97041e-15
      9796.83  8.01054e-15
      9798.18  7.91999e-15
      9799.53  8.09904e-15
      9800.89  8.07664e-15
      9802.24  7.96962e-15
      9803.59  7.99776e-15
      9804.94  8.02695e-15
      9806.30  8.09041e-15
      9807.65  8.15144e-15
      9809.00  8.21022e-15
      9810.35  8.19137e-15
      9811.71  8.19322e-15
      9813.06  8.26498e-15
      9814.41  8.19473e-15
      9815.76  8.16923e-15
      9817.12  8.13911e-15
      9818.47  8.12758e-15
      9819.82  8.08184e-15
      9821.17  8.00817e-15
      9822.53  7.92487e-15
      9823.88  7.99024e-15
      9825.23  7.89047e-15
      9826.58  7.94411e-15
      9827.93  7.92948e-15
      9829.29  7.93489e-15
      9830.64  8.02438e-15
      9831.99  7.93568e-15
      9833.34  7.93397e-15
      9834.70  7.97917e-15
      9836.05  8.05562e-15
      9837.40  8.16442e-15
      9838.75  8.13338e-15
      9840.11  8.15466e-15
      9841.46  8.32699e-15
      9842.81  8.39151e-15
      9844.16  8.30162e-15
      9845.52  8.26142e-15
      9846.87  8.17839e-15
      9848.22  8.20824e-15
      9849.57  8.02550e-15
      9850.92  7.90055e-15
      9852.28  7.80249e-15
      9853.63  7.89330e-15
      9854.98  7.97271e-15
      9856.33  7.88671e-15
      9857.69  7.96019e-15
      9859.04  8.02062e-15
      9860.39  8.02998e-15
      9861.74  8.19895e-15
      9863.10  8.34353e-15
      9864.45  8.36133e-15
      9865.80  8.28548e-15
      9867.15  8.30551e-15
      9868.51  8.30155e-15
      9869.86  8.27269e-15
      9871.21  8.24870e-15
      9872.56  8.38182e-15
      9873.92  8.49675e-15
      9875.27  8.52278e-15
      9876.62  8.57128e-15
      9877.97  8.48667e-15
      9879.33  8.33319e-15
      9880.68  8.26057e-15
      9882.03  8.26195e-15
      9883.38  8.16409e-15
      9884.73  8.15335e-15
      9886.09  8.29404e-15
      9887.44  8.38953e-15
      9888.79  8.32126e-15
      9890.14  8.09100e-15
      9891.50  7.82068e-15
      9892.85  7.61488e-15
      9894.20  7.31233e-15
      9895.55  6.85551e-15
      9896.91  6.47572e-15
      9898.26  6.10032e-15
      9899.61  5.74895e-15
      9900.96  5.50794e-15
      9902.32  5.25727e-15
      9903.67  4.91016e-15
      9905.02  4.82119e-15
      9906.37  4.52872e-15
      9907.73  4.27952e-15
      9909.08  4.12290e-15
      9910.43  4.10235e-15
      9911.78  3.95223e-15
      9913.13  3.92916e-15
      9914.49  3.92252e-15
      9915.84  3.78024e-15
      9917.19  3.82588e-15
      9918.54  3.84592e-15
      9919.90  3.94357e-15
      9921.25  3.96867e-15
      9922.60  4.06911e-15
      9923.95  4.11863e-15
      9925.31  4.14214e-15
      9926.66  4.21881e-15
      9928.01  4.34980e-15
      9929.36  4.34895e-15
      9930.72  4.52765e-15
      9932.07  4.56613e-15
      9933.42  4.72244e-15
      9934.77  4.80870e-15
      9936.13  4.95481e-15
      9937.48  5.03275e-15
      9938.83  5.16877e-15
      9940.18  5.35587e-15
      9941.53  5.27423e-15
      9942.89  5.24666e-15
      9944.24  5.27289e-15
      9945.59  5.35293e-15
      9946.94  5.40568e-15
      9948.30  5.40317e-15
      9949.65  5.56176e-15
      9951.00  5.57723e-15
      9952.35  5.63331e-15
      9953.71  5.77426e-15
      9955.06  5.82828e-15
      9956.41  5.75147e-15
      9957.76  5.67777e-15
      9959.12  5.70969e-15
      9960.47  5.65914e-15
      9961.82  5.77090e-15
      9963.17  5.85755e-15
      9964.53  5.93933e-15
      9965.88  6.06685e-15
      9967.23  5.96663e-15
      9968.58  5.82653e-15
      9969.93  5.55853e-15
      9971.29  5.31681e-15
      9972.64  5.09257e-15
      9973.99  5.00719e-15
      9975.34  4.94255e-15
      9976.70  4.75643e-15
      9978.05  4.83824e-15
      9979.40  4.94835e-15
      9980.75  4.98504e-15
      9982.11  4.99705e-15
      9983.46  4.94142e-15
      9984.81  4.90316e-15
      9986.16  4.86760e-15
      9987.52  4.83186e-15
      9988.87  4.82742e-15
      9990.22  4.93236e-15
      9991.57  4.97136e-15
      9992.93  4.91423e-15
      9994.28  4.86969e-15
      9995.63  4.95413e-15
      9996.98  4.98884e-15
      9998.34  5.09788e-15
      9999.69  5.25728e-15
      10001.0  5.37349e-15
      10002.4  5.54715e-15
      10003.7  5.70223e-15
      10005.1  5.81070e-15
      10006.4  5.89925e-15
      10007.8  5.68925e-15
      10009.2  5.60647e-15
      10010.5  5.63575e-15
      10011.9  5.41883e-15
      10013.2  5.33455e-15
      10014.6  5.49253e-15
      10015.9  5.56849e-15
      10017.3  5.59282e-15
      10018.6  5.57070e-15
      10020.0  5.60195e-15
      10021.3  5.63983e-15
      10022.7  5.54425e-15
      10024.0  5.74636e-15
      10025.4  5.83436e-15
      10026.7  5.99697e-15
      10028.1  5.87920e-15
      10029.4  6.02707e-15
      10030.8  6.04402e-15
      10032.1  6.08736e-15
      10033.5  5.92119e-15
      10034.8  5.85267e-15
      10036.2  5.83849e-15
      10037.6  5.79320e-15
      10038.9  5.79664e-15
      10040.3  5.86347e-15
      10041.6  5.96232e-15
      10043.0  6.16647e-15
      10044.3  6.18450e-15
      10045.7  6.38325e-15
      10047.0  6.27502e-15
      10048.4  6.12229e-15
      10049.7  5.70929e-15
      10051.1  5.47499e-15
      10052.4  5.14989e-15
      10053.8  4.99129e-15
      10055.1  4.88589e-15
      10056.5  4.78955e-15
      10057.8  4.77491e-15
      10059.2  4.96655e-15
      10060.5  5.11506e-15
      10061.9  5.15629e-15
      10063.2  5.20902e-15
      10064.6  5.35688e-15
      10066.0  5.54795e-15
      10067.3  5.70165e-15
      10068.7  5.89827e-15
      10070.0  6.11230e-15
      10071.4  6.14492e-15
      10072.7  6.09559e-15
      10074.1  6.18601e-15
      10075.4  6.21406e-15
      10076.8  6.28007e-15
      10078.1  6.23672e-15
      10079.5  6.28355e-15
      10080.8  6.31112e-15
      10082.2  6.55756e-15
      10083.5  6.68226e-15
      10084.9  6.73716e-15
      10086.2  6.72147e-15
      10087.6  6.80661e-15
      10088.9  6.75910e-15
      10090.3  6.56645e-15
      10091.6  6.49179e-15
      10093.0  6.38094e-15
      10094.4  6.35896e-15
      10095.7  6.42895e-15
      10097.1  6.81037e-15
      10098.4  7.22561e-15
      10099.8  7.48018e-15
      10101.1  7.77416e-15
      10102.5  7.91617e-15
      10103.8  7.90523e-15
      10105.2  7.72038e-15
      10106.5  7.48308e-15
      10107.9  7.28795e-15
      10109.2  6.89591e-15
      10110.6  6.65340e-15
      10111.9  6.55127e-15
      10113.3  6.43210e-15
      10114.6  6.21958e-15
      10116.0  6.21606e-15
      10117.3  6.21971e-15
      10118.7  6.29775e-15
      10120.0  6.49231e-15
      10121.4  6.60924e-15
      10122.8  6.86810e-15
      10124.1  7.08109e-15
      10125.5  7.23332e-15
      10126.8  7.21513e-15
      10128.2  7.39859e-15
      10129.5  7.44453e-15
      10130.9  7.42337e-15
      10132.2  7.11905e-15
      10133.6  6.97505e-15
      10134.9  6.81927e-15
      10136.3  6.38199e-15
      10137.6  6.25672e-15
      10139.0  6.11793e-15
      10140.3  6.15039e-15
      10141.7  6.08740e-15
      10143.0  6.24708e-15
      10144.4  6.54285e-15
      10145.7  6.73452e-15
      10147.1  6.96952e-15
      10148.4  6.98191e-15
      10149.8  7.04399e-15
      10151.2  7.00662e-15
      10152.5  7.26086e-15
      10153.9  7.40683e-15
      10155.2  7.23819e-15
      10156.6  7.07700e-15
      10157.9  6.85980e-15
      10159.3  6.59402e-15
      10160.6  6.59099e-15
      10162.0  6.51650e-15
      10163.3  6.45329e-15
      10164.7  6.49988e-15
      10166.0  6.79291e-15
      10167.4  6.99476e-15
      10168.7  6.90085e-15
      10170.1  6.95752e-15
      10171.4  7.28432e-15
      10172.8  7.45026e-15
      10174.1  7.65494e-15
      10175.5  7.86701e-15
      10176.8  7.94042e-15
      10178.2  7.88797e-15
      10179.6  7.61072e-15
      10180.9  7.55300e-15
      10182.3  7.20089e-15
      10183.6  6.92570e-15
      10185.0  6.74552e-15
      10186.3  6.51818e-15
      10187.7  6.50118e-15
      10189.0  6.66282e-15
      10190.4  6.71040e-15
      10191.7  6.79897e-15
      10193.1  6.99094e-15
      10194.4  6.96629e-15
      10195.8  7.07615e-15
      10197.1  7.10956e-15
      10198.5  7.33032e-15
      10199.8  7.40400e-15
      10201.2  7.38851e-15
      10202.5  7.61468e-15
      10203.9  7.69257e-15
      10205.2  7.73989e-15
      10206.6  7.73416e-15
      10208.0  7.68262e-15
      10209.3  7.78582e-15
      10210.7  7.57000e-15
      10212.0  7.37408e-15
      10213.4  7.38383e-15
      10214.7  7.21295e-15
      10216.1  6.97057e-15
      10217.4  6.71640e-15
      10218.8  6.61465e-15
      10220.1  6.75080e-15
      10221.5  6.71547e-15
      10222.8  6.66308e-15
      10224.2  6.75462e-15
      10225.5  7.05295e-15
      10226.9  7.28861e-15
      10228.2  7.25434e-15
      10229.6  7.29651e-15
      10230.9  7.36795e-15
      10232.3  7.23318e-15
      10233.6  7.31892e-15
      10235.0  7.38792e-15
      10236.4  7.71577e-15
      10237.7  7.57507e-15
      10239.1  7.85093e-15
      10240.4  7.90497e-15
      10241.8  8.11064e-15
      10243.1  8.14089e-15
      10244.5  8.15611e-15
      10245.8  8.11848e-15
      10247.2  8.12000e-15
      10248.5  7.93139e-15
      10249.9  7.57250e-15
      10251.2  7.60987e-15
      10252.6  7.44479e-15
      10253.9  7.33671e-15
      10255.3  7.13341e-15
      10256.6  7.89541e-15
      10258.0  7.04688e-15
      10259.3  7.36301e-15
      10260.7  7.37210e-15
      10266.6  7.33711e-15
      10306.0  7.68598e-15
      10345.6  8.16751e-15
      10385.3  8.68134e-15
      10425.1  8.98639e-15
      10465.0  9.19839e-15
      10505.1  9.35754e-15
      10545.3  9.28439e-15
      10585.5  9.34937e-15
      10625.9  9.70582e-15
      10666.4  9.93693e-15
      10707.0  1.04584e-14
      10747.6  1.07882e-14
      10788.4  1.10885e-14
      10829.3  1.13918e-14
      10870.3  1.19120e-14
      10911.4  1.19403e-14
      10952.5  1.17890e-14
      10993.8  1.16171e-14
      11035.1  1.15162e-14
      11076.5  1.12768e-14
      11118.0  1.11435e-14
      11159.6  1.13233e-14
      11201.3  1.14704e-14
      11243.0  1.16251e-14
      11284.8  1.17422e-14
      11326.7  1.10402e-14
      11368.7  1.08641e-14
      11410.7  1.09629e-14
      11452.8  1.15341e-14
      11494.9  1.22070e-14
      11537.1  1.26492e-14
      11579.4  1.26144e-14
      11621.7  1.20890e-14
      11664.1  1.18273e-14
      11706.6  1.13188e-14
      11749.1  1.12387e-14
      11791.6  1.16335e-14
      11834.2  1.20783e-14
      11876.8  1.24506e-14
      11919.5  1.20428e-14
      11962.2  1.16449e-14
      12005.0  1.15373e-14
      12047.8  1.18410e-14
      12090.6  1.23165e-14
      12133.5  1.30864e-14
      12176.4  1.35598e-14
      12219.3  1.41549e-14
      12262.3  1.44936e-14
      12305.3  1.45153e-14
      12348.3  1.40917e-14
      12391.3  1.34437e-14
      12434.4  1.33466e-14
      12477.5  1.33069e-14
      12520.6  1.41311e-14
      12563.7  1.48104e-14
      12606.8  1.57221e-14
      12649.9  1.62409e-14
      12693.1  1.65740e-14
      12736.3  1.68865e-14
      12779.4  1.67075e-14
      12822.6  1.63443e-14
      12865.8  1.63091e-14
      12909.0  1.62765e-14
      12952.1  1.63895e-14
      12995.3  1.63711e-14
      13038.5  1.61959e-14
      13081.7  1.62096e-14
      13124.8  1.63893e-14
      13168.0  1.65360e-14
      13211.2  1.61798e-14
      13254.3  1.52933e-14
      13297.4  1.32204e-14
      13340.6  1.10832e-14
      13383.7  9.17539e-15
      13426.8  8.15677e-15
      13469.8  7.70832e-15
      13512.9  7.35306e-15
      13555.9  6.98593e-15
      13599.0  6.82243e-15
      13642.0  6.98066e-15
      13684.9  6.95891e-15
      13727.9  6.99983e-15
      13770.8  7.13005e-15
      13813.7  7.35866e-15
      13856.6  7.57145e-15
      13899.4  7.34502e-15
      13942.2  7.26449e-15
      13985.0  6.98296e-15
      14027.8  6.91950e-15
      14070.5  6.81498e-15
      14113.2  6.69096e-15
      14155.8  6.46416e-15
      14198.4  6.51783e-15
      14241.0  6.34082e-15
      14283.5  6.41433e-15
      14326.0  6.54340e-15
      14368.4  6.65228e-15
      14410.8  6.67903e-15
      14453.2  6.85432e-15
      14495.5  7.13578e-15
      14537.8  7.47537e-15
      14580.0  7.65527e-15
      14622.2  7.60591e-15
      14664.4  7.65224e-15
      14706.4  7.74325e-15
      14748.5  7.89410e-15
      14790.5  8.06254e-15
      14832.4  8.23987e-15
      14874.3  8.27216e-15
      14916.2  8.62255e-15
      14957.9  8.78025e-15
      14999.7  8.93749e-15
      15041.4  9.22752e-15
      15083.0  9.54410e-15
      15124.6  9.72223e-15
      15166.1  1.01056e-14
      15207.5  1.02828e-14
      15249.0  1.05050e-14
      15290.3  1.06718e-14
      15331.6  1.09821e-14
      15372.8  1.12630e-14
      15414.0  1.15514e-14
      15455.1  1.18335e-14
      15496.2  1.21441e-14
      15537.2  1.24203e-14
      15578.1  1.26629e-14
      15619.0  1.26549e-14
      15659.8  1.28383e-14
      15700.6  1.31944e-14
      15741.3  1.33969e-14
      15781.9  1.34401e-14
      15822.4  1.32354e-14
      15863.0  1.31354e-14
      15903.4  1.30985e-14
      15943.8  1.33495e-14
      15984.1  1.37376e-14
      16024.3  1.38501e-14
      16064.5  1.38201e-14
      16104.7  1.35372e-14
      16144.7  1.34526e-14
      16184.7  1.37744e-14
      16224.6  1.38802e-14
      16264.5  1.37726e-14
      16304.3  1.38179e-14
      16344.0  1.39465e-14
      16383.7  1.40476e-14
      16423.3  1.42151e-14
      16462.9  1.44049e-14
      16502.3  1.47499e-14
      16541.7  1.48876e-14
      16581.1  1.48425e-14
      16620.4  1.48270e-14
      16659.6  1.48731e-14
      16698.7  1.48334e-14
      16737.8  1.48428e-14
      16776.8  1.48547e-14
      16815.8  1.49005e-14
      16854.7  1.48262e-14
      16893.5  1.48226e-14
      16932.2  1.49005e-14
      16970.9  1.47752e-14
      17009.5  1.47799e-14
      17048.1  1.46778e-14
      17086.6  1.44017e-14
      17125.0  1.40888e-14
      17163.4  1.36065e-14
      17201.7  1.32273e-14
      17239.9  1.29548e-14
      17278.1  1.25568e-14
      17316.2  1.23090e-14
      17354.2  1.18671e-14
      17392.2  1.16229e-14
      17430.1  1.13678e-14
      17467.9  1.11722e-14
      17505.7  1.08207e-14
      17543.4  1.04658e-14
      17581.1  1.01860e-14
      17618.7  1.00509e-14
      17656.2  9.75880e-15
      17693.7  9.32024e-15
      17731.1  8.99667e-15
      17768.4  8.77841e-15
      17805.7  8.58670e-15
      17842.9  8.36574e-15
      17880.1  8.12791e-15
      17917.2  7.92922e-15
      17954.2  7.99538e-15
      17991.2  7.77534e-15
      18028.1  7.65600e-15
      18065.0  7.51379e-15
      18101.8  7.67873e-15
      18138.5  7.81699e-15
      18175.2  7.76948e-15
      18211.8  7.60321e-15
      18248.3  7.61540e-15
      18284.8  7.49935e-15
      18321.3  7.04959e-15
      18357.7  7.02909e-15
      18394.0  6.49168e-15
      18430.2  6.38767e-15
      18466.4  6.26422e-15
      18502.6  6.24462e-15
      18538.7  6.40757e-15
      18574.7  6.09834e-15
      18610.7  5.58405e-15
      18646.6  5.64015e-15
      18682.5  5.58163e-15
      18718.3  5.54197e-15
      18754.1  5.97563e-15
      18789.8  6.14222e-15
      18825.4  6.38647e-15
      18861.0  6.55716e-15
      18896.6  6.61036e-15
      18932.1  6.61346e-15
      18967.5  6.84793e-15
      19002.9  6.89314e-15
      19038.2  7.22323e-15
      19073.5  7.05354e-15
      19108.7  7.65481e-15
      19143.9  7.65290e-15
      19179.0  7.70246e-15
      19214.1  7.70193e-15
      19249.1  7.42719e-15
      19284.1  7.36683e-15
      19319.0  7.31668e-15
      19353.9  6.88326e-15
      19388.7  6.94006e-15
      19423.4  6.81004e-15
      19458.2  6.79587e-15
      19492.8  6.78862e-15
      19527.4  6.68292e-15
      19562.0  6.67277e-15
      19596.5  6.59119e-15
      19631.0  6.52418e-15
      19665.4  6.77452e-15
      19699.8  6.81004e-15
      19734.1  6.73182e-15
      19768.4  6.60219e-15
      19802.6  6.58572e-15
      19836.8  6.59606e-15
      19871.0  6.54525e-15
      19905.0  6.60720e-15
      19939.1  6.60865e-15
      19973.1  6.77689e-15
      20007.0  6.84167e-15
      20040.9  6.86698e-15
      20074.8  6.83251e-15
      20108.6  6.83502e-15
      20142.3  6.81175e-15
      20176.1  7.13506e-15
      20209.7  7.24129e-15
      20243.3  7.37408e-15
      20276.9  7.30679e-15
      20310.5  7.38475e-15
      20343.9  7.43807e-15
      20377.4  7.54865e-15
      20410.8  7.49883e-15
      20444.1  7.61217e-15
      20477.4  7.66786e-15
      20510.7  7.79472e-15
      20543.9  7.97146e-15
      20577.1  8.19163e-15
      20610.2  8.17364e-15
      20643.3  8.20376e-15
      20676.3  8.30959e-15
      20709.3  8.50103e-15
      20742.2  8.43929e-15
      20775.1  8.55441e-15
      20808.0  8.58862e-15
      20840.8  8.72760e-15
      20873.5  8.79113e-15
      20906.3  8.92688e-15
      20938.9  8.91073e-15
      20971.6  9.05057e-15
      21004.1  9.10896e-15
      21036.7  9.09203e-15
      21069.2  9.23140e-15
      21101.6  9.33513e-15
      21134.0  9.42416e-15
      21166.4  9.42647e-15
      21198.7  9.42027e-15
      21230.9  9.67603e-15
      21263.1  9.63531e-15
      21295.3  9.66259e-15
      21327.4  9.75096e-15
      21359.5  9.79340e-15
      21391.5  9.77047e-15
      21423.5  9.84058e-15
      21455.5  9.86174e-15
      21487.3  9.93126e-15
      21519.2  9.80994e-15
      21551.0  9.88355e-15
      21582.7  9.79973e-15
      21614.4  9.87129e-15
      21646.1  1.00385e-14
      21677.7  1.02753e-14
      21709.3  9.94253e-15
      21740.8  9.87498e-15
      21772.2  9.83037e-15
      21803.7  9.84506e-15
      21835.0  9.72770e-15
      21866.3  9.76612e-15
      21897.6  9.79518e-15
      21928.8  9.78332e-15
      21960.0  9.72822e-15
      21991.1  9.80098e-15
      22022.2  9.68829e-15
      22053.2  9.60539e-15
      22084.2  9.70035e-15
      22115.1  9.67234e-15
      22146.0  9.65659e-15
      22176.9  9.59445e-15
      22207.6  9.45685e-15
      22238.4  9.53191e-15
      22269.0  9.44156e-15
      22299.7  9.52710e-15
      22330.2  9.46983e-15
      22360.8  9.46686e-15
      22391.2  9.32017e-15
      22421.7  9.36413e-15
      22452.0  9.33190e-15
      22482.4  9.33849e-15
      22512.6  9.32340e-15
      22542.8  9.20182e-15
      22573.0  9.20794e-15
      22603.1  9.23127e-15
      22633.2  9.06468e-15
      22663.2  9.05908e-15
      22693.2  8.99173e-15
      22723.1  8.95390e-15
      22752.9  8.98685e-15
      22782.7  8.92873e-15
      22812.5  8.79271e-15
      22842.2  8.86131e-15
      22871.8  8.89301e-15
      22901.4  8.72101e-15
      22931.0  8.18445e-15
      22960.5  7.57521e-15
      22989.9  7.14191e-15
      23019.3  7.28828e-15
      23048.6  7.36479e-15
      23077.9  7.48130e-15
      23107.2  7.42746e-15
      23136.3  7.35945e-15
      23165.5  7.38838e-15
      23194.6  7.43319e-15
      23223.6  7.10026e-15
      23252.6  6.97472e-15
      23281.5  6.69392e-15
      23310.4  6.84286e-15
      23339.2  6.96062e-15
      23368.0  7.00767e-15
      23396.7  6.95825e-15
      23425.4  6.88695e-15
      23454.0  7.05690e-15
      23482.6  7.09993e-15
      23511.2  6.95245e-15
      23539.7  6.83429e-15
      23568.1  6.66144e-15
      23596.5  6.58191e-15
      23624.9  6.65142e-15
      23653.2  6.57941e-15
      23681.4  6.53605e-15
      23709.7  6.61623e-15
      23737.8  6.69841e-15
      23766.0  6.64041e-15
      23794.1  6.53480e-15
      23822.1  6.51118e-15
      23850.2  6.38431e-15
      23878.1  6.30731e-15
      23906.1  6.38626e-15
      23934.0  6.42530e-15
      23961.8  6.36332e-15
      23989.7  6.33742e-15
      24017.5  6.26363e-15
      24045.2  6.24248e-15
      24073.0  5.99745e-15
      24100.7  5.88383e-15
      24128.4  5.81039e-15
      24156.0  5.73559e-15
      24183.6  5.66778e-15
      24211.2  5.80804e-15
      24238.8  5.61636e-15
      24266.4  5.60532e-15
      24293.9  5.53288e-15
      24321.4  5.49026e-15
      24348.9  5.37376e-15
      24376.4  5.35744e-15
      24403.9  5.28681e-15
      24431.3  5.14140e-15
      24458.8  5.07407e-15
      24486.2  4.97764e-15
      24513.7  4.76889e-15
      24541.1  4.88594e-15
      24568.6  4.99850e-15
      24596.0  4.99568e-15
      24623.4  4.84352e-15
      24650.9  4.80943e-15
      24678.3  4.58381e-15
      24705.8  4.59997e-15
      24733.3  4.41080e-15
      24760.8  4.29654e-15
      24788.3  4.40273e-15
      24815.8  4.37874e-15
      24843.4  4.39459e-15
      24871.0  4.26973e-15
      24898.6  4.07152e-15
      24926.3  4.04490e-15
      24954.0  4.23649e-15
      24981.7  4.26401e-15
      25009.5  4.24477e-15
      25037.4  4.01659e-15
      25065.3  4.17654e-15
      25093.2  4.15838e-15
      25121.2  3.97743e-15
      25149.3  3.53654e-15
      25177.4  3.74375e-15
      25205.6  3.79958e-15
      25233.9  3.74089e-15
      25262.3  3.56224e-15
      25290.7  3.20221e-15
      25319.3  4.09553e-15
      25347.9  3.23659e-15
      25376.6  3.84752e-15
      25405.5  3.52937e-15
      25434.4  3.58336e-15
      25463.5  4.19755e-15
      25492.7  4.39784e-15
      25522.0  4.75770e-15
      25551.4  2.93566e-15
      25581.0  3.46398e-15
      25610.7  3.05743e-15
