      6267.80  2.63505e-18
      6269.67  4.73499e-18
      6271.53  5.19090e-18
      6273.40  3.91681e-18
      6275.26  2.72943e-18
      6277.13  1.26646e-17
      6279.00  1.18461e-17
      6280.86 -1.04134e-18
      6282.73  2.22025e-18
      6284.59  6.06222e-18
      6286.46 -2.19134e-18
      6288.32  4.76627e-18
      6290.19  4.08606e-18
      6292.06 -3.98067e-18
      6293.92 -4.67870e-18
      6295.79  7.18985e-19
      6297.65  3.90557e-18
      6299.52  6.75109e-18
      6301.38 -5.45752e-18
      6303.25 -1.91610e-18
      6305.12  1.19271e-17
      6306.98  1.25162e-17
      6308.85  3.10240e-18
      6310.71 -1.41417e-18
      6312.58  4.75519e-18
      6314.45 -1.02614e-18
      6316.31 -5.76549e-18
      6318.18 -4.69647e-18
      6320.04  1.20605e-18
      6321.91  5.94542e-18
      6323.78  3.86564e-18
      6325.64 -1.82237e-18
      6327.51 -7.15028e-18
      6329.37 -5.46238e-18
      6331.24 -5.06065e-18
      6333.10 -9.86778e-18
      6334.97 -7.46489e-18
      6336.84  1.67554e-18
      6338.70  1.45198e-18
      6340.57 -4.18040e-18
      6342.43  3.09388e-18
      6344.30  5.98454e-18
      6346.16 -1.56607e-18
      6348.03  3.02441e-18
      6349.90  3.85828e-18
      6351.76  1.92659e-18
      6353.63  1.93743e-18
      6355.49  4.15733e-18
      6357.36  4.73546e-18
      6359.23  5.60888e-18
      6361.09  4.14504e-18
      6362.96  4.77392e-18
      6364.82  7.50895e-18
      6366.69  7.62760e-18
      6368.56  3.87668e-18
      6370.42  3.48286e-18
      6372.29  1.26899e-18
      6374.15 -1.13701e-19
      6376.02  4.57931e-18
      6377.88  1.16869e-18
      6379.75  4.04896e-18
      6381.62 -1.42498e-18
      6383.48  1.83834e-18
      6385.35 -5.39547e-18
      6387.21 -3.44400e-18
      6389.08  5.69093e-18
      6390.94  3.05307e-18
      6392.81  2.59365e-18
      6394.68  4.28084e-18
      6396.54  7.78346e-18
      6398.41  6.54668e-18
      6400.27  6.82331e-18
      6402.14  3.05685e-18
      6404.01  1.12912e-18
      6405.87 -4.84362e-19
      6407.74 -1.07018e-19
      6409.60  8.05561e-18
      6411.47 -3.04477e-18
      6413.34 -7.10475e-18
      6415.20  4.42693e-18
      6417.07  3.84111e-18
      6418.93 -1.99873e-18
      6420.80  3.21978e-18
      6422.67  4.08819e-18
      6424.53  1.04835e-17
      6426.40  8.61816e-18
      6428.26  2.56916e-19
      6430.13 -1.86971e-19
      6431.99  6.48194e-18
      6433.86  2.40175e-18
      6435.73  6.91137e-18
      6437.59  9.61625e-18
      6439.46  7.18527e-18
      6441.32  7.20300e-18
      6443.19  9.05379e-18
      6445.06 -5.80081e-21
      6446.92  1.97438e-18
      6448.79  5.42246e-18
      6450.65  6.57116e-18
      6452.52  6.05979e-18
      6454.38  4.46625e-18
      6456.25  8.33382e-18
      6458.12  6.59831e-18
      6459.98  4.07823e-18
      6461.85  1.05907e-17
      6463.71  7.73108e-18
      6465.58 -1.67645e-19
      6467.44 -1.78877e-18
      6469.31  3.08269e-18
      6471.18  6.65842e-18
      6473.04  5.30646e-18
      6474.91  1.95596e-19
      6476.77  2.12359e-18
      6478.64  4.92536e-18
      6480.51  9.46179e-19
      6482.37  4.55796e-18
      6484.24  3.50002e-18
      6486.10 -3.02968e-18
      6487.97  4.51719e-19
      6489.83  6.22463e-18
      6491.70  5.70305e-18
      6493.57  1.84687e-18
      6495.43  2.31162e-19
      6497.30 -1.47927e-18
      6499.17  3.75260e-18
      6501.03  8.94284e-18
      6502.90  9.85602e-18
      6504.76  6.45373e-18
      6506.63  9.38308e-19
      6508.49 -8.16169e-20
      6510.36 -7.06075e-19
      6512.23  2.56371e-18
      6514.09  4.62877e-18
      6515.96  4.42822e-18
      6517.82  7.44391e-18
      6519.69  3.40927e-19
      6521.56  2.29694e-18
      6523.42  4.15499e-18
      6525.29  1.49477e-18
      6527.15  2.88928e-18
      6529.02 -3.32712e-18
      6530.88 -3.61944e-19
      6532.75  1.92702e-18
      6534.62  8.76282e-19
      6536.48  3.76582e-18
      6538.35  6.15776e-18
      6540.21  4.48131e-18
      6542.08  9.45736e-18
      6543.95  7.88987e-18
      6545.81 -8.58543e-19
      6547.68  3.21962e-18
      6549.54  6.92727e-18
      6551.41  1.01416e-18
      6553.27 -3.62993e-18
      6555.14  9.11511e-18
      6557.01  1.43177e-17
      6558.87  1.36704e-17
      6560.74  1.76491e-17
      6562.60  3.03929e-17
      6564.47  2.17229e-17
      6566.33  4.38188e-18
      6568.20  5.77548e-19
      6570.07 -2.84863e-18
      6571.93  6.18342e-18
      6573.80  1.02457e-17
      6575.66  2.89553e-18
      6577.53  1.42545e-18
      6579.40  3.03011e-18
      6581.26  8.20528e-18
      6583.13  1.13920e-17
      6584.99  1.30194e-17
      6586.86  1.32961e-17
      6588.73  7.41668e-18
      6590.59  5.79792e-18
      6592.46  9.78722e-18
      6594.32  8.56514e-18
      6596.19  3.76495e-18
      6598.06 -1.26902e-18
      6599.92 -8.05523e-18
      6601.79 -4.33490e-18
      6603.65  2.49557e-18
      6605.52  1.24564e-17
      6607.38  1.50163e-17
      6609.25  8.95401e-18
      6611.12  1.12422e-17
      6612.98  8.90616e-18
      6614.85  5.38109e-18
      6616.71  1.02635e-17
      6618.58  8.78917e-18
      6620.44  3.55096e-18
      6622.31  4.70617e-18
      6624.18  1.91409e-18
      6626.04  2.00124e-18
      6627.91  7.76344e-18
      6629.77  1.58200e-17
      6631.64  1.21724e-17
      6633.51  1.36020e-17
      6635.37  1.21774e-17
      6637.24  1.32192e-17
      6639.10  5.42285e-18
      6640.97  6.08197e-18
      6642.84  1.15838e-17
      6644.70  1.21497e-17
      6646.57  3.21169e-18
      6648.43 -2.35861e-18
      6650.30  2.81231e-18
      6652.16  1.78840e-17
      6654.03  8.26622e-18
      6655.90  4.54309e-18
      6657.76  1.09439e-17
      6659.63  7.48954e-18
      6661.49 -4.52046e-19
      6663.36  1.35108e-18
      6665.23  6.61836e-18
      6667.09  1.02968e-18
      6668.96 -4.16898e-18
      6670.82 -5.82034e-19
      6672.69  7.28221e-18
      6674.55  8.71841e-18
      6676.42  9.63787e-18
      6678.29  1.96208e-18
      6680.15 -7.06297e-19
      6682.02  5.42532e-18
      6683.88  6.17270e-18
      6685.75  8.18585e-18
      6687.62  1.29182e-17
      6689.48  1.23328e-17
      6691.35  8.19789e-18
      6693.21  2.60280e-18
      6695.08  5.97523e-18
      6696.94  1.08037e-17
      6698.81  1.33959e-17
      6700.68  1.33344e-17
      6702.54  1.03205e-17
      6704.41  7.14465e-18
      6706.27  1.12423e-17
      6708.14  1.09918e-17
      6710.00  8.88012e-18
      6711.87  9.66210e-18
      6713.74  9.86318e-18
      6715.60  5.25021e-18
      6717.47  8.91184e-18
      6719.33  8.05424e-18
      6721.20  1.20679e-17
      6723.07  1.03314e-17
      6724.93  1.01501e-17
      6726.80  1.33944e-17
      6728.66  2.36016e-17
      6730.53  2.66438e-17
      6732.40  1.07852e-17
      6734.26 -1.47698e-18
      6736.13  1.01618e-17
      6737.99  1.32106e-17
      6739.86  1.16025e-17
      6741.73  8.92661e-18
      6743.59  1.12506e-17
      6745.46  1.03430e-17
      6747.32  6.67209e-18
      6749.19  5.11608e-18
      6751.05  1.45587e-17
      6752.92  2.13307e-17
      6754.79  1.40445e-17
      6756.65  8.06770e-18
      6758.52  1.17999e-17
      6760.38  1.80141e-17
      6762.25  1.58043e-17
      6764.12  5.71184e-18
      6765.98  6.13042e-18
      6767.85  9.08625e-18
      6769.71  9.44107e-18
      6771.58  8.23705e-18
      6773.44  1.34823e-17
      6775.31  1.78276e-17
      6777.18  1.56987e-17
      6779.04  1.23350e-17
      6780.91  7.37649e-18
      6782.77  1.37221e-17
      6784.64  1.56075e-17
      6786.50  1.43616e-17
      6788.37  1.43824e-17
      6790.24  1.57485e-17
      6792.10  1.47372e-17
      6793.97  6.36522e-18
      6795.83  5.02983e-18
      6797.70  1.28588e-17
      6799.57  1.60692e-17
      6801.43  1.43814e-17
      6803.30  1.64135e-17
      6805.16  1.82318e-17
      6807.03  2.04355e-17
      6808.90  1.43123e-17
      6810.76  9.71482e-18
      6812.63  7.77914e-18
      6814.49  8.39536e-18
      6816.36  1.69040e-17
      6818.23  1.45991e-17
      6820.09  9.10273e-18
      6821.96  1.45673e-17
      6823.82  1.59987e-17
      6825.69  1.69885e-17
      6827.55  2.07435e-17
      6829.42  1.68356e-17
      6831.29  2.13176e-17
      6833.15  2.28320e-17
      6835.02  2.04731e-17
      6836.88  1.09351e-17
      6838.75  1.42631e-17
      6840.62  1.88855e-17
      6842.48  1.13596e-17
      6844.35  1.53471e-17
      6846.21  1.43594e-17
      6848.08  1.36002e-17
      6849.94  1.52832e-17
      6851.81  5.06175e-18
      6853.68  8.47129e-18
      6855.54  1.34330e-17
      6857.41  1.31813e-17
      6859.27  1.54400e-17
      6861.14  1.54810e-17
      6863.01  1.63386e-17
      6864.87  1.64748e-17
      6866.74  1.05972e-17
      6868.60  1.83298e-17
      6870.47  1.53467e-17
      6872.33  9.56439e-18
      6874.20  1.33138e-17
      6876.07  1.58668e-17
      6877.93  1.70768e-17
      6879.80  1.47512e-17
      6881.66  9.41998e-18
      6883.53  9.24337e-18
      6885.40  1.56704e-17
      6887.26  1.52667e-17
      6889.13  1.30901e-17
      6890.99  1.87043e-17
      6892.86  1.62651e-17
      6894.72  1.60844e-17
      6896.59  1.67538e-17
      6898.46  1.53915e-17
      6900.32  1.37137e-17
      6902.19  7.38405e-18
      6904.05  7.59499e-18
      6905.92  1.47553e-17
      6907.79  1.44525e-17
      6909.65  1.83500e-17
      6911.52  1.95834e-17
      6913.38  1.30541e-17
      6915.25  9.80549e-18
      6917.12  1.81133e-17
      6918.98  1.90405e-17
      6920.85  1.59073e-17
      6922.71  1.27771e-17
      6924.58  7.33666e-18
      6926.44  2.51549e-17
      6928.31  2.00148e-17
      6930.18  1.80743e-17
      6932.04  9.45006e-18
      6933.91  1.62526e-17
      6935.77  2.56117e-17
      6937.64  2.70251e-17
      6939.50  1.71762e-17
      6941.37  1.97128e-17
      6943.24  2.16643e-17
      6945.10  1.54188e-17
      6946.97  1.53172e-17
      6948.83  1.79923e-17
      6950.70  1.84487e-17
      6952.57  1.58140e-17
      6954.43  1.73616e-17
      6956.30  1.02999e-17
      6958.16  8.38287e-19
      6960.03  9.07354e-18
      6961.90  1.60221e-17
      6963.76  1.87202e-17
      6965.63  1.28368e-17
      6967.49  1.68961e-17
      6969.36  2.02156e-17
      6971.22  2.15983e-17
      6973.09  1.82038e-17
      6974.96  1.37652e-17
      6976.82  9.40801e-18
      6978.69  1.44227e-17
      6980.55  8.10854e-18
      6982.42  1.09209e-17
      6984.29  2.16041e-17
      6986.15  2.07250e-17
      6988.02  1.60025e-17
      6989.88  1.41054e-17
      6991.75  1.70546e-17
      6993.61  1.75377e-17
      6995.48  9.81735e-18
      6997.35  1.19392e-17
      6999.21  1.33824e-17
      7001.08  1.14417e-17
      7002.94  1.61796e-17
      7004.81  2.01741e-17
      7006.68  1.57354e-17
      7008.54  1.32095e-17
      7010.41  1.92300e-17
      7012.27  1.52598e-17
      7014.14  8.83063e-18
      7016.00  9.63026e-18
      7017.87  1.42689e-17
      7019.74  1.43570e-17
      7021.60  1.65451e-17
      7023.47  1.90804e-17
      7025.33  1.45845e-17
      7027.20  1.05285e-17
      7029.06  7.76660e-18
      7030.93  5.38160e-18
      7032.80  1.47516e-17
      7034.66  1.35403e-17
      7036.53  1.05419e-17
      7038.39  1.41394e-17
      7040.26  1.59555e-17
      7042.13  1.62175e-17
      7043.99  2.06994e-17
      7045.86  1.93111e-17
      7047.72  1.12358e-17
      7049.59  1.31901e-17
      7051.46  1.82504e-17
      7053.32  1.87202e-17
      7055.19  9.98829e-18
      7057.05  9.27838e-18
      7058.92  1.27722e-17
      7060.79  1.82787e-17
      7062.65  2.29165e-17
      7064.52  2.26934e-17
      7066.38  1.50111e-17
      7068.25  1.27940e-17
      7070.11  1.02954e-17
      7071.98  1.55434e-17
      7073.85  2.10369e-17
      7075.71  1.64388e-17
      7077.58  1.20587e-17
      7079.44  1.99148e-17
      7081.31  1.82248e-17
      7083.17  1.48098e-17
      7085.04  2.31177e-17
      7086.91  2.48424e-17
      7088.77  1.19305e-17
      7090.64  1.94611e-17
      7092.50  2.62316e-17
      7094.37  1.89369e-17
      7096.24  1.33765e-17
      7098.10  1.66809e-17
      7099.97  2.06306e-17
      7101.83  1.70167e-17
      7103.70  1.42547e-17
      7105.57  1.32743e-17
      7107.43  1.61485e-17
      7109.30  1.72396e-17
      7111.16  1.84927e-17
      7113.03  2.08008e-17
      7114.89  2.33501e-17
      7116.76  1.93225e-17
      7118.63  1.88889e-17
      7120.49  1.36673e-17
      7122.36  1.06813e-17
      7124.22  1.03886e-17
      7126.09  1.73000e-17
      7127.96  1.69725e-17
      7129.82  2.42818e-17
      7131.69  1.86072e-17
      7133.55  1.67647e-17
      7135.42  1.57111e-17
      7137.28  1.66953e-17
      7139.15  2.28157e-17
      7141.02  1.94596e-17
      7142.88  1.95211e-17
      7144.75  1.85974e-17
      7146.61  1.74280e-17
      7148.48  1.73431e-17
      7150.35  1.29351e-17
      7152.21  1.82607e-17
      7154.08  2.48658e-17
      7155.94  1.76835e-17
      7157.81  2.03976e-17
      7159.67  1.34778e-17
      7161.54  9.77260e-18
      7163.41  1.50124e-17
      7165.27  1.65870e-17
      7167.14  2.47704e-17
      7169.00  2.87137e-17
      7170.87  1.98852e-17
      7172.74  1.38465e-17
      7174.60  1.77723e-17
      7176.47  1.90099e-17
      7178.33  1.56590e-17
      7180.20  1.19867e-17
      7182.06  1.78398e-17
      7183.93  1.86744e-17
      7185.80  1.63250e-17
      7187.66  2.14913e-17
      7189.53  2.08617e-17
      7191.40  1.81969e-17
      7193.26  1.86938e-17
      7195.13  1.13438e-17
      7196.99  1.62150e-17
      7198.86  1.79648e-17
      7200.72  1.55045e-17
      7202.59  1.70406e-17
      7204.46  1.62419e-17
      7206.32  2.27768e-17
      7208.19  2.54150e-17
      7210.05  1.99149e-17
      7211.92  1.51552e-17
      7213.79  1.62986e-17
      7215.65  1.87060e-17
      7217.52  2.26362e-17
      7219.38  2.83395e-17
      7221.25  1.93941e-17
      7223.11  1.60023e-17
      7224.98  1.77757e-17
      7226.85  1.55559e-17
      7228.71  1.74220e-17
      7230.58  2.14775e-17
      7232.44  1.91209e-17
      7234.31  1.88552e-17
      7236.17  2.18874e-17
      7238.04  2.06149e-17
      7239.91  1.06965e-17
      7241.77  9.44382e-18
      7243.64  1.49644e-17
      7245.50  1.25749e-17
      7247.37  9.74547e-18
      7249.24  1.18715e-17
      7251.10  1.54035e-17
      7252.97  1.67498e-17
      7254.83  1.23778e-17
      7256.70  1.07075e-17
      7258.56  1.91553e-17
      7260.43  2.36366e-17
      7262.30  2.21640e-17
      7264.16  2.01139e-17
      7266.03  2.05526e-17
      7267.89  1.69633e-17
      7269.76  2.09829e-17
      7271.63  2.32744e-17
      7273.49  2.09404e-17
      7275.36  2.25290e-17
      7277.22  1.94983e-17
      7279.09  2.12892e-17
      7280.96  2.22895e-17
      7282.82  2.48409e-17
      7284.69  2.83726e-17
      7286.55  2.05455e-17
      7288.42  1.92576e-17
      7290.28  1.82607e-17
      7292.15  1.77751e-17
      7294.02  2.07136e-17
      7295.88  1.98377e-17
      7297.75  1.38586e-17
      7299.61  1.48109e-17
      7301.48  1.65957e-17
      7303.35  2.10842e-17
      7305.21  1.42235e-17
      7307.08  1.60412e-17
      7308.94  1.63797e-17
      7310.81  1.43028e-17
      7312.67  1.17555e-17
      7314.54  8.89415e-18
      7316.41  1.97661e-17
      7318.27  2.89207e-17
      7320.14  1.96352e-17
      7322.00  1.59583e-17
      7323.87  1.74054e-17
      7325.74  1.79986e-17
      7327.60  1.44889e-17
      7329.47  1.57215e-17
      7331.33  2.23974e-17
      7333.20  2.56891e-17
      7335.07  1.95260e-17
      7336.93  1.40890e-17
      7338.80  1.51633e-17
      7340.66  1.72858e-17
      7342.53  1.88257e-17
      7344.39  1.53788e-17
      7346.26  1.60779e-17
      7348.12  1.31687e-17
      7349.99  1.02937e-17
      7351.86  1.19212e-17
      7353.72  1.18143e-17
      7355.59  1.11696e-17
      7357.45  1.80197e-17
      7359.32  1.69739e-17
      7361.19  1.13799e-17
      7363.05  1.25845e-17
      7364.92  1.74238e-17
      7366.78  2.06126e-17
      7368.65  1.05237e-17
      7370.52  7.60282e-18
      7372.38  1.86932e-17
      7374.25  1.81065e-17
      7376.11  1.57735e-17
      7377.98  7.32808e-18
      7379.85  1.08893e-17
      7381.71  1.71101e-17
      7383.58  1.47983e-17
      7385.44  7.27310e-18
      7387.31  1.21523e-17
      7389.17  1.19607e-17
      7391.04  1.82976e-17
      7392.91  2.16589e-17
      7394.77  2.27796e-17
      7396.64  1.27948e-17
      7398.50  9.71650e-18
      7400.37  1.29604e-17
      7402.23  1.68263e-17
      7404.10  1.34589e-17
      7405.97  1.47770e-17
      7407.83  1.26796e-17
      7409.70  1.51292e-17
      7411.56  1.56224e-17
      7413.43  1.85699e-17
      7415.30  1.39567e-17
      7417.16  1.40134e-17
      7419.03  1.20655e-17
      7420.89  1.53597e-17
      7422.76  1.71564e-17
      7424.63  1.26687e-17
      7426.49  7.11808e-18
      7428.36  6.86683e-18
      7430.22  1.33440e-17
      7432.09  1.40126e-17
      7433.96  9.23984e-18
      7435.82  7.29855e-18
      7437.69 -1.06687e-19
      7439.55  7.96104e-18
      7441.42  1.63243e-17
      7443.28  1.48739e-17
      7445.15  1.13477e-17
      7447.02  1.29742e-17
      7448.88  1.54916e-17
      7450.75  9.44372e-18
      7452.61  5.70967e-18
      7454.48  1.08767e-17
      7456.34  1.16171e-17
      7458.21  1.22129e-17
      7460.08  8.18830e-18
      7461.94  1.28328e-17
      7463.81  1.11908e-17
      7465.67  6.03586e-18
      7467.54  9.23335e-18
      7469.41  8.94458e-18
      7471.27  6.30803e-18
      7473.14  5.48705e-18
      7475.00  5.59040e-18
      7476.87  1.41035e-17
      7478.73  1.12237e-17
      7480.60  6.96091e-19
      7482.47  5.42902e-18
      7484.33  7.64540e-18
      7486.20  8.88377e-18
      7488.06  1.22132e-17
      7489.93  9.99812e-18
      7491.80  7.85333e-18
      7493.66  9.62910e-18
      7495.53  1.02438e-17
      7497.39  1.16833e-17
      7499.26  5.62565e-18
      7501.12  6.12818e-18
      7502.99  5.22040e-18
      7504.86  7.52969e-18
      7506.72  7.94597e-18
      7508.59  3.51829e-18
      7510.46  3.49292e-18
      7512.32  5.75238e-18
      7514.19  7.42669e-18
      7516.05  2.70000e-18
      7517.92  3.42692e-18
      7519.78  6.87601e-18
      7521.65  5.88842e-18
      7523.52  5.01007e-18
      7525.38  6.17427e-18
      7527.25  5.07428e-18
      7529.11  4.59173e-18
      7530.98  6.02295e-18
      7532.85  6.54717e-18
      7534.71  7.34027e-18
      7536.58  9.89292e-18
      7538.44  7.98752e-18
      7540.31  5.19398e-18
      7542.17  2.18379e-18
      7544.04  6.37552e-18
      7545.91  1.20806e-17
      7547.77  7.36397e-18
      7549.64  1.14123e-17
      7551.50  8.58382e-18
      7553.37  8.47361e-18
      7555.24  4.73619e-18
      7557.10  2.39517e-18
      7558.97  3.96913e-18
      7560.83  4.74140e-18
      7562.70  1.24913e-17
      7564.56  1.01951e-17
      7566.43  9.67553e-18
      7568.30  7.18450e-18
      7570.16  6.79642e-18
      7572.03  6.58648e-18
      7573.89  4.46535e-18
      7575.76  4.03856e-18
      7577.62  2.84792e-18
      7579.49  4.45258e-18
      7581.36  9.74324e-18
      7583.22  7.14506e-18
      7585.09  1.87290e-18
      7586.95  1.95157e-18
      7588.82  3.19254e-18
      7590.69  3.88801e-18
      7592.55  4.10160e-18
      7594.42 -1.73746e-18
      7596.28  9.58394e-19
      7598.15  1.67276e-18
      7600.02 -3.44718e-18
      7601.88  5.46713e-18
      7603.75 -1.14342e-18
      7605.61 -3.52929e-18
      7607.48  1.35444e-18
      7609.34  4.23905e-18
      7611.21  5.54375e-18
      7613.08  1.45603e-17
      7614.94  7.04966e-18
      7616.81 -1.63435e-18
      7618.67 -3.73800e-18
      7620.54  7.50218e-18
      7622.40  1.20048e-17
      7624.27  1.02809e-17
      7626.14  1.44842e-17
      7628.00  9.73339e-18
      7629.87  8.55456e-18
      7631.73  1.17420e-17
      7633.60  9.27567e-18
      7635.47 -5.04176e-20
      7637.33 -4.80934e-18
      7639.20 -3.37615e-18
      7641.06  4.98123e-19
      7642.93  6.38051e-18
      7644.80  2.08849e-18
      7646.66 -1.30347e-18
      7648.53 -2.87726e-18
      7650.39 -1.22626e-18
      7652.26  1.76022e-18
      7654.13  6.98166e-19
      7655.99  1.19117e-18
      7657.86 -3.01259e-18
      7659.72 -8.96441e-19
      7661.59  5.37015e-18
      7663.45  8.77913e-18
      7665.32  8.94737e-18
      7667.19  3.88348e-18
      7669.05  1.22870e-18
      7670.92  1.55128e-18
      7672.78 -2.15430e-18
      7674.65 -1.27017e-18
      7676.51  1.68585e-18
      7678.38 -6.56690e-19
      7680.25 -3.25973e-18
      7682.11 -2.79621e-18
      7683.98  1.64631e-18
      7685.84 -9.10860e-19
      7687.71 -3.49021e-18
      7689.58  5.95270e-18
      7691.44  6.78485e-18
      7693.31 -1.60782e-18
      7695.17  9.78814e-19
      7697.04  6.24559e-18
      7698.90  2.65123e-18
      7700.77  6.67070e-18
      7702.64  5.71812e-18
      7704.50  4.84016e-18
      7706.37  9.73767e-18
      7708.23  3.50440e-18
      7710.10 -1.51483e-18
      7711.97  7.45685e-18
      7713.83  1.30740e-17
      7715.70  4.60654e-18
      7717.56  5.91502e-18
      7719.43  4.26824e-18
      7721.29 -4.64927e-18
      7723.16  1.61393e-18
      7725.03  3.19493e-18
      7726.89  3.30463e-18
      7728.76  5.33019e-18
      7730.63  4.83311e-19
      7732.49 -2.86503e-18
      7734.36 -1.13364e-19
      7736.22  2.85663e-18
      7738.09  6.04711e-18
      7739.95  8.22043e-18
      7741.82  1.68667e-18
      7743.69 -2.53033e-18
      7745.55 -4.78329e-18
      7747.42  2.35730e-18
      7749.28  6.82612e-18
      7751.15  1.53414e-17
      7753.02  1.88550e-17
      7754.88  9.54418e-18
      7756.75  3.40333e-18
      7758.61  2.23835e-19
      7760.48  1.46441e-18
      7762.34  5.35899e-18
      7764.21  1.06954e-18
      7766.08  7.44086e-18
      7767.94  7.29543e-18
      7769.81  6.39912e-18
      7771.67  3.33958e-18
      7773.54  1.06020e-18
      7775.41  7.88212e-18
      7777.27  1.10447e-17
      7779.14  4.94159e-18
      7781.00  9.70023e-18
      7782.87  8.66958e-18
      7784.73  3.13158e-18
      7786.60  6.29195e-18
      7788.47  8.03980e-18
      7790.33  4.34663e-18
      7792.20  7.01106e-18
      7794.06  1.93038e-17
      7795.93  1.84764e-17
      7797.79  5.09661e-19
      7799.66 -2.33881e-18
      7801.53  2.27579e-18
      7803.39  5.12369e-18
      7805.26  6.44768e-18
      7807.12  1.12153e-17
      7808.99  1.23948e-17
      7810.86  1.22363e-17
      7812.72  1.08080e-17
      7814.59  7.51338e-18
      7816.45  1.00080e-17
      7818.32  1.24667e-17
      7820.18  1.26847e-17
      7822.05  1.74108e-17
      7823.92  1.77932e-17
      7825.78  1.12535e-17
      7827.65  1.40681e-17
      7829.52  1.66149e-17
      7831.38  1.38443e-17
      7833.25  1.10804e-17
      7835.11  8.62255e-18
      7836.98  6.12935e-18
      7838.84  1.46703e-17
      7840.71  1.72293e-17
      7842.58  1.79760e-17
      7844.44  2.24617e-17
      7846.31  1.73232e-17
      7848.17  1.78356e-17
      7850.04  1.47326e-17
      7851.90  4.54644e-18
      7853.77  1.66285e-17
      7855.64  1.56231e-17
      7857.50  7.00741e-18
      7859.37  1.23410e-17
      7861.23  1.77471e-17
      7863.10  1.71122e-17
      7864.97  1.68720e-17
      7866.83  1.67391e-17
      7868.70  1.36648e-17
      7870.56  1.23191e-17
      7872.43  1.13363e-17
      7874.30  1.23232e-17
      7876.16  1.87314e-17
      7878.03  2.31972e-17
      7879.89  1.75583e-17
      7881.76  1.53989e-17
      7883.62  2.52891e-17
      7885.49  2.22059e-17
      7887.36  1.45914e-17
      7889.22  2.34591e-17
      7891.09  2.71146e-17
      7892.95  3.17092e-17
      7894.82  2.61372e-17
      7896.69  2.63919e-17
      7898.55  2.60893e-17
      7900.42  2.59627e-17
      7902.28  2.58825e-17
      7904.15  2.42335e-17
      7906.01  2.79215e-17
      7907.88  2.15308e-17
      7909.75  2.21107e-17
      7911.61  3.30928e-17
      7913.48  2.83559e-17
      7915.34  2.48568e-17
      7917.21  2.62978e-17
      7919.08  2.99196e-17
      7920.94  3.36151e-17
      7922.81  3.24957e-17
      7924.67  2.86153e-17
      7926.54  2.97033e-17
      7928.40  3.37266e-17
      7930.27  3.36323e-17
      7932.14  2.48594e-17
      7934.00  2.12989e-17
      7935.87  2.74997e-17
      7937.73  2.83567e-17
      7939.60  2.31934e-17
      7941.46  1.59044e-17
      7943.33  1.13481e-17
      7945.20  1.04612e-17
      7947.06  1.28452e-17
      7948.93  1.35113e-17
      7950.79  1.70862e-17
      7952.66  2.53022e-17
      7954.53  2.66067e-17
      7956.39  3.28288e-17
      7958.26  3.40205e-17
      7960.12  3.06732e-17
      7961.99  2.60272e-17
      7963.86  2.77953e-17
      7965.72  3.53937e-17
      7967.59  4.11664e-17
      7969.45  4.04848e-17
      7971.32  4.09197e-17
      7973.19  3.64848e-17
      7975.05  3.36604e-17
      7976.92  3.87819e-17
      7978.78  3.97972e-17
      7980.65  3.76253e-17
      7982.51  3.27136e-17
      7984.38  3.77299e-17
      7986.25  4.26444e-17
      7988.11  4.60787e-17
      7989.98  3.45383e-17
      7991.84  3.74215e-17
      7993.71  4.72089e-17
      7995.58  4.92489e-17
      7997.44  4.87735e-17
      7999.31  4.05526e-17
      8001.17  4.19951e-17
      8003.04  4.50715e-17
      8004.90  4.77755e-17
      8006.77  4.44600e-17
      8008.64  4.22375e-17
      8010.50  4.68899e-17
      8012.37  4.68085e-17
      8014.23  4.29210e-17
      8016.10  4.30521e-17
      8017.96  4.37950e-17
      8019.83  4.77699e-17
      8021.70  4.49058e-17
      8023.56  4.55330e-17
      8025.43  4.56564e-17
      8027.29  4.43944e-17
      8029.16  4.79760e-17
      8031.03  4.96631e-17
      8032.89  5.37339e-17
      8034.76  4.64244e-17
      8036.62  4.86939e-17
      8038.49  4.79580e-17
      8040.35  4.60865e-17
      8042.22  5.01998e-17
      8044.09  5.64314e-17
      8045.95  5.30491e-17
      8047.82  5.02624e-17
      8049.68  5.92068e-17
      8051.55  6.27415e-17
      8053.42  5.93519e-17
      8055.28  5.68688e-17
      8057.15  6.26214e-17
      8059.01  6.39170e-17
      8060.88  5.89102e-17
      8062.75  5.88951e-17
      8064.61  5.40439e-17
      8066.48  5.20847e-17
      8068.34  5.35016e-17
      8070.21  6.30542e-17
      8072.08  6.37900e-17
      8073.94  5.94761e-17
      8075.81  6.10542e-17
      8077.67  6.29204e-17
      8079.54  6.05278e-17
      8081.40  5.98063e-17
      8083.27  6.47201e-17
      8085.14  7.36621e-17
      8087.00  6.91610e-17
      8088.87  6.59343e-17
      8090.73  6.74120e-17
      8092.60  7.24838e-17
      8094.47  7.22585e-17
      8096.33  6.81398e-17
      8098.20  6.44969e-17
      8100.06  6.81570e-17
      8101.93  7.78122e-17
      8103.79  7.92579e-17
      8105.66  7.97568e-17
      8107.53  8.13521e-17
      8109.39  7.71687e-17
      8111.26  7.53341e-17
      8113.12  7.75087e-17
      8114.99  8.24801e-17
      8116.86  8.22250e-17
      8118.72  8.58360e-17
      8120.59  8.45231e-17
      8122.45  7.52525e-17
      8124.32  7.75377e-17
      8126.18  7.93850e-17
      8128.05  7.50192e-17
      8129.92  7.59961e-17
      8131.78  7.88386e-17
      8133.65  7.61946e-17
      8135.51  8.41208e-17
      8137.38  9.02460e-17
      8139.24  8.67242e-17
      8141.11  8.72052e-17
      8142.98  8.72190e-17
      8144.84  8.93172e-17
      8146.71  8.66003e-17
      8148.58  8.40178e-17
      8150.44  9.03524e-17
      8152.31  9.54957e-17
      8154.17  9.55671e-17
      8156.04  9.06086e-17
      8157.90  8.69011e-17
      8159.77  8.40685e-17
      8161.64  8.86344e-17
      8163.50  9.61015e-17
      8165.37  9.67938e-17
      8167.23  1.00812e-16
      8169.10  1.04856e-16
      8170.96  9.97146e-17
      8172.83  9.69608e-17
      8174.70  9.63100e-17
      8176.56  9.90279e-17
      8178.43  1.04490e-16
      8180.29  9.89911e-17
      8182.16  1.01991e-16
      8184.03  1.06606e-16
      8185.89  1.02331e-16
      8187.76  9.83831e-17
      8189.62  9.91480e-17
      8191.49  9.46667e-17
      8193.35  1.02609e-16
      8195.22  1.10121e-16
      8197.09  1.06922e-16
      8198.95  1.11631e-16
      8200.82  1.08037e-16
      8202.68  1.06341e-16
      8204.55  1.13879e-16
      8206.42  1.12429e-16
      8208.28  1.12648e-16
      8210.15  1.16851e-16
      8212.01  1.08107e-16
      8213.88  1.16253e-16
      8215.75  1.19880e-16
      8217.61  1.22917e-16
      8219.48  1.19998e-16
      8221.34  1.19837e-16
      8223.21  1.12660e-16
      8225.07  1.06313e-16
      8226.94  1.11479e-16
      8228.81  1.24587e-16
      8230.67  1.23468e-16
      8232.54  1.26500e-16
      8234.40  1.26807e-16
      8236.27  1.26728e-16
      8238.14  1.25361e-16
      8240.00  1.22452e-16
      8241.87  1.27286e-16
      8243.73  1.26802e-16
      8245.60  1.28430e-16
      8247.46  1.31256e-16
      8249.33  1.32026e-16
      8251.20  1.28998e-16
      8253.06  1.27184e-16
      8254.93  1.27857e-16
      8256.79  1.27018e-16
      8258.66  1.29823e-16
      8260.53  1.33536e-16
      8262.39  1.32811e-16
      8264.26  1.32583e-16
      8266.12  1.39952e-16
      8267.99  1.41567e-16
      8269.85  1.34933e-16
      8271.72  1.29768e-16
      8273.59  1.41650e-16
      8275.45  1.38900e-16
      8277.32  1.39915e-16
      8279.18  1.40836e-16
      8281.05  1.46350e-16
      8282.92  1.46784e-16
      8284.78  1.37908e-16
      8286.65  1.46869e-16
      8288.51  1.50444e-16
      8290.38  1.38494e-16
      8292.25  1.45016e-16
      8294.11  1.42517e-16
      8295.98  1.44999e-16
      8297.84  1.46214e-16
      8299.71  1.41117e-16
      8301.57  1.40555e-16
      8303.44  1.63059e-16
      8305.31  1.68770e-16
      8307.17  1.67185e-16
      8309.04  1.59552e-16
      8310.90  1.57235e-16
      8312.77  1.48183e-16
      8314.63  1.55501e-16
      8316.50  1.57330e-16
      8318.37  1.53442e-16
      8320.23  1.53007e-16
      8322.10  1.65022e-16
      8323.96  1.64641e-16
      8325.83  1.68772e-16
      8327.70  1.64563e-16
      8329.56  1.63169e-16
      8331.43  1.74482e-16
      8333.29  1.76965e-16
      8335.16  1.76232e-16
      8337.03  1.73921e-16
      8338.89  1.75965e-16
      8340.76  1.81613e-16
      8342.62  1.71110e-16
      8344.49  1.66962e-16
      8346.35  1.75064e-16
      8348.22  1.75875e-16
      8350.09  1.76447e-16
      8351.95  1.74395e-16
      8353.82  1.75848e-16
      8355.68  1.82245e-16
      8357.55  1.82946e-16
      8359.41  1.78799e-16
      8361.28  1.94052e-16
      8363.15  2.03177e-16
      8365.01  1.94168e-16
      8366.88  1.88606e-16
      8368.74  1.97025e-16
      8370.61  1.98457e-16
      8372.48  1.91529e-16
      8374.34  1.83747e-16
      8376.21  1.84596e-16
      8378.07  1.90385e-16
      8379.94  1.94241e-16
      8381.81  1.97696e-16
      8383.67  1.96745e-16
      8385.54  1.94123e-16
      8387.40  1.96632e-16
      8389.27  2.00989e-16
      8391.13  2.00630e-16
      8393.00  2.02611e-16
      8394.87  2.16241e-16
      8396.73  2.18092e-16
      8398.60  2.08312e-16
      8400.46  2.15489e-16
      8402.33  2.18850e-16
      8404.20  2.16727e-16
      8406.06  2.16451e-16
      8407.93  2.12748e-16
      8409.79  2.12793e-16
      8411.66  2.16381e-16
      8413.53  2.09494e-16
      8415.39  2.10626e-16
      8417.26  2.22579e-16
      8419.12  2.25060e-16
      8420.99  2.30704e-16
      8422.85  2.24722e-16
      8424.72  2.23639e-16
      8426.59  2.24808e-16
      8428.45  2.27153e-16
      8430.32  2.30522e-16
      8432.18  2.41641e-16
      8434.05  2.45193e-16
      8435.92  2.37987e-16
      8437.78  2.40445e-16
      8439.65  2.44564e-16
      8441.51  2.45254e-16
      8443.38  2.34814e-16
      8445.24  2.31766e-16
      8447.11  2.40611e-16
      8448.98  2.40536e-16
      8450.84  2.40435e-16
      8452.71  2.43220e-16
      8454.57  2.54599e-16
      8456.44  2.49482e-16
      8458.31  2.43726e-16
      8460.17  2.51423e-16
      8462.04  2.59045e-16
      8463.90  2.64231e-16
      8465.77  2.54625e-16
      8467.63  2.69776e-16
      8469.50  2.72586e-16
      8471.37  2.70720e-16
      8473.23  2.62254e-16
      8475.10  2.68291e-16
      8476.96  2.67333e-16
      8478.83  2.58987e-16
      8480.70  2.69411e-16
      8482.56  2.60953e-16
      8484.43  2.56433e-16
      8486.29  2.62684e-16
      8488.16  2.61920e-16
      8490.02  2.70279e-16
      8491.89  2.65882e-16
      8493.76  2.64010e-16
      8495.62  2.67872e-16
      8497.49  2.69575e-16
      8499.35  2.68646e-16
      8501.22  2.72932e-16
      8503.09  2.72345e-16
      8504.95  2.67101e-16
      8506.82  2.67060e-16
      8508.68  2.57469e-16
      8510.55  2.47904e-16
      8512.42  2.28391e-16
      8514.28  1.92747e-16
      8516.15  1.37297e-16
      8518.01  9.64245e-17
      8519.88  9.83665e-17
      8521.74  1.33598e-16
      8523.61  1.89601e-16
      8525.48  2.36353e-16
      8527.34  2.51954e-16
      8529.21  2.65839e-16
      8531.07  2.89685e-16
      8532.94  2.97725e-16
      8534.80  2.99531e-16
      8536.67  2.99542e-16
      8538.54  2.97276e-16
      8540.40  3.02585e-16
      8542.27  3.00595e-16
      8544.13  3.14659e-16
      8546.00  3.19450e-16
      8547.87  3.14714e-16
      8549.73  3.11067e-16
      8551.60  3.19624e-16
      8553.46  3.23310e-16
      8555.33  3.20370e-16
      8557.20  3.18850e-16
      8559.06  3.25614e-16
      8560.93  3.34317e-16
      8562.79  3.32615e-16
      8564.66  3.16634e-16
      8566.52  3.26799e-16
      8568.39  3.34769e-16
      8570.26  3.30414e-16
      8572.12  3.31452e-16
      8573.99  3.41935e-16
      8575.85  3.42360e-16
      8577.72  3.33000e-16
      8579.59  3.33432e-16
      8581.45  3.43925e-16
      8583.32  3.44119e-16
      8585.18  3.50814e-16
      8587.05  3.46341e-16
      8588.91  3.39693e-16
      8590.78  3.54335e-16
      8592.65  3.61555e-16
      8594.51  3.56972e-16
      8596.38  3.55242e-16
      8598.24  3.56998e-16
      8600.11  3.51061e-16
      8601.98  3.43311e-16
      8603.84  3.47072e-16
      8605.71  3.43096e-16
      8607.57  3.27428e-16
      8609.44  3.15005e-16
      8611.30  2.98370e-16
      8613.17  2.96606e-16
      8615.04  2.98267e-16
      8616.90  2.97743e-16
      8618.77  3.01416e-16
      8620.63  2.98919e-16
      8622.50  3.09249e-16
      8624.37  3.20559e-16
      8626.23  3.23551e-16
      8628.10  3.20785e-16
      8629.96  3.21803e-16
      8631.83  3.29320e-16
      8633.70  3.24841e-16
      8635.56  3.16187e-16
      8637.43  3.25395e-16
      8639.29  3.38618e-16
      8641.16  3.31201e-16
      8643.02  3.22231e-16
      8644.89  3.33842e-16
      8646.76  3.49580e-16
      8648.62  3.57417e-16
      8650.49  3.72175e-16
      8652.35  3.77517e-16
      8654.22  3.81177e-16
      8656.09  3.60644e-16
      8657.95  3.56949e-16
      8659.82  3.78063e-16
      8661.68  3.82660e-16
      8663.55  3.85663e-16
      8665.42  3.84732e-16
      8667.28  3.84966e-16
      8669.15  3.85237e-16
      8671.01  3.88403e-16
      8672.88  3.86080e-16
      8674.74  3.86106e-16
      8676.61  3.83245e-16
      8678.48  3.80388e-16
      8680.34  3.67337e-16
      8682.21  3.67870e-16
      8684.07  3.94714e-16
      8685.94  4.04997e-16
      8687.80  3.94325e-16
      8689.67  3.82714e-16
      8691.54  3.66103e-16
      8693.40  3.66260e-16
      8695.27  3.86224e-16
      8697.13  3.94256e-16
      8699.00  3.89815e-16
      8700.87  3.82385e-16
      8702.73  3.85239e-16
      8704.60  3.86230e-16
      8706.46  3.79021e-16
      8708.33  3.69362e-16
      8710.20  3.88938e-16
      8712.06  4.05309e-16
      8713.93  3.98310e-16
      8715.79  3.98041e-16
      8717.66  3.96605e-16
      8719.52  3.98523e-16
      8721.39  4.10519e-16
      8723.26  4.16587e-16
      8725.12  4.15510e-16
      8726.99  4.23854e-16
      8728.85  4.23252e-16
      8730.72  4.24795e-16
      8732.58  4.30313e-16
      8734.45  4.29303e-16
      8736.32  4.30779e-16
      8738.18  4.35302e-16
      8740.05  4.34180e-16
      8741.91  4.41881e-16
      8743.78  4.51661e-16
      8745.65  4.41038e-16
      8747.51  4.22734e-16
      8749.38  4.31267e-16
      8751.24  4.44725e-16
      8753.11  4.47384e-16
      8754.98  4.61548e-16
      8756.84  4.50242e-16
      8758.71  4.51562e-16
      8760.57  4.62442e-16
      8762.44  4.53359e-16
      8764.30  4.31517e-16
      8766.17  4.33221e-16
      8768.04  4.54958e-16
      8769.90  4.78481e-16
      8771.77  4.84571e-16
      8773.63  4.78926e-16
      8775.50  4.76085e-16
      8777.37  4.84657e-16
      8779.23  4.93287e-16
      8781.10  4.92999e-16
      8782.96  4.75274e-16
      8784.83  4.69871e-16
      8786.69  4.76199e-16
      8788.56  4.85132e-16
      8790.43  4.86335e-16
      8792.29  4.94673e-16
      8794.16  5.00818e-16
      8796.02  4.81454e-16
      8797.89  4.63109e-16
      8799.76  4.69938e-16
      8801.62  4.82501e-16
      8803.49  4.74986e-16
      8805.35  4.76652e-16
      8807.22  4.90927e-16
      8809.08  4.99413e-16
      8810.95  5.09225e-16
      8812.82  5.24279e-16
      8814.68  5.41064e-16
      8816.55  5.41537e-16
      8818.41  5.23239e-16
      8820.28  5.12298e-16
      8822.15  5.35514e-16
      8824.01  5.46672e-16
      8825.88  5.61662e-16
      8827.74  5.65709e-16
      8829.61  5.13373e-16
      8831.47  5.05872e-16
      8833.34  5.22671e-16
      8835.21  5.37096e-16
      8837.07  5.42233e-16
      8838.94  5.52121e-16
      8840.80  5.39671e-16
      8842.67  5.22029e-16
      8844.54  5.26631e-16
      8846.40  5.28780e-16
      8848.27  5.34676e-16
      8850.13  5.57671e-16
      8852.00  5.49522e-16
      8853.87  5.38093e-16
      8855.73  5.50309e-16
      8857.60  5.65679e-16
      8859.46  5.75373e-16
      8861.33  5.84109e-16
      8863.19  5.88397e-16
      8865.06  5.80914e-16
      8866.93  5.69482e-16
      8868.79  5.46496e-16
      8870.66  5.42695e-16
      8872.52  5.76656e-16
      8874.39  5.96246e-16
      8876.26  6.15099e-16
      8878.12  6.01422e-16
      8879.99  5.63366e-16
      8881.85  5.57722e-16
      8883.72  5.96685e-16
      8885.59  6.51364e-16
      8887.45  6.69750e-16
      8889.32  6.32720e-16
      8891.18  5.94538e-16
      8893.05  5.84568e-16
      8894.91  5.72788e-16
      8896.78  5.99716e-16
      8898.65  6.28514e-16
      8900.51  6.31095e-16
      8902.38  6.15024e-16
      8904.24  5.93560e-16
      8906.11  5.87810e-16
      8907.97  5.96476e-16
      8909.84  6.19813e-16
      8911.71  6.22811e-16
      8913.57  6.15144e-16
      8915.44  6.06991e-16
      8917.30  6.12384e-16
      8919.17  6.11756e-16
      8921.04  6.19735e-16
      8922.90  5.98781e-16
      8924.77  5.97880e-16
      8926.63  5.97609e-16
      8928.50  6.09263e-16
      8930.37  6.13756e-16
      8932.23  5.79969e-16
      8934.10  5.27147e-16
      8935.96  4.49746e-16
      8937.83  3.65226e-16
      8939.69  2.78174e-16
      8941.56  2.57045e-16
      8943.43  3.46556e-16
      8945.29  4.48396e-16
      8947.16  5.07273e-16
      8949.02  5.44925e-16
      8950.89  5.76255e-16
      8952.75  6.32812e-16
      8954.62  6.65267e-16
      8956.49  6.78840e-16
      8958.35  6.72693e-16
      8960.22  6.58384e-16
      8962.08  6.55474e-16
      8963.95  6.49124e-16
      8965.82  6.60536e-16
      8967.68  6.78576e-16
      8969.55  6.68394e-16
      8971.41  6.82432e-16
      8973.28  6.99947e-16
      8975.15  7.05205e-16
      8977.01  6.84577e-16
      8978.88  6.77937e-16
      8980.74  7.02617e-16
      8982.61  7.07883e-16
      8984.47  6.97560e-16
      8986.34  6.82144e-16
      8988.21  7.00483e-16
      8990.07  7.28520e-16
      8991.94  7.29902e-16
      8993.80  7.30328e-16
      8995.67  6.98604e-16
      8997.54  6.91505e-16
      8999.40  7.35108e-16
      9001.27  7.73292e-16
      9003.13  7.78444e-16
      9005.00  7.63106e-16
      9006.87  7.61436e-16
      9008.73  7.61786e-16
      9010.60  7.70217e-16
      9012.46  7.95807e-16
      9014.33  8.15718e-16
      9016.19  8.19737e-16
      9018.06  8.18493e-16
      9019.93  7.89462e-16
      9021.79  7.69421e-16
      9023.66  7.78816e-16
      9025.52  7.81980e-16
      9027.39  7.66059e-16
      9029.25  7.70059e-16
      9031.12  7.98320e-16
      9032.99  8.18647e-16
      9034.85  8.30347e-16
      9036.72  8.32144e-16
      9038.58  8.03462e-16
      9040.45  7.85804e-16
      9042.32  7.95174e-16
      9044.18  8.12148e-16
      9046.05  8.24360e-16
      9047.91  8.49025e-16
      9049.78  8.37997e-16
      9051.65  8.36423e-16
      9053.51  8.09751e-16
      9055.38  8.03982e-16
      9057.24  8.23189e-16
      9059.11  8.47557e-16
      9060.97  8.55332e-16
      9062.84  8.43765e-16
      9064.71  8.32236e-16
      9066.57  8.26044e-16
      9068.44  8.31929e-16
      9070.30  8.25076e-16
      9072.17  8.40337e-16
      9074.04  8.62786e-16
      9075.90  8.64118e-16
      9077.77  8.47089e-16
      9079.63  8.69397e-16
      9081.50  8.80415e-16
      9083.36  8.75461e-16
      9085.23  8.93303e-16
      9087.10  9.02967e-16
      9088.96  9.00373e-16
      9090.83  9.01798e-16
      9092.69  9.03595e-16
      9094.56  8.99505e-16
      9096.43  9.02522e-16
      9098.29  8.86393e-16
      9100.16  9.02825e-16
      9102.02  8.95724e-16
      9103.89  8.62193e-16
      9105.76  8.79291e-16
      9107.62  9.21166e-16
      9109.49  9.44651e-16
      9111.35  9.17572e-16
      9113.22  9.14127e-16
      9115.08  9.12061e-16
      9116.95  9.40608e-16
      9118.82  9.61715e-16
      9120.68  9.40932e-16
      9122.55  9.23316e-16
      9124.41  9.02613e-16
      9126.28  8.86139e-16
      9128.14  8.94436e-16
      9130.01  9.20550e-16
      9131.88  9.19387e-16
      9133.74  9.22710e-16
      9135.61  9.41897e-16
      9137.47  9.47744e-16
      9139.34  9.43284e-16
      9141.21  9.33227e-16
      9143.07  9.31219e-16
      9144.94  9.44432e-16
      9146.80  9.37356e-16
      9148.67  9.16749e-16
      9150.53  9.11640e-16
      9152.40  9.42005e-16
      9154.27  9.83766e-16
      9156.13  9.94445e-16
      9158.00  9.98034e-16
      9159.86  1.00802e-15
      9161.73  1.00301e-15
      9163.60  9.77298e-16
      9165.46  9.61322e-16
      9167.33  9.63914e-16
      9169.19  9.45410e-16
      9171.06  9.04556e-16
      9172.92  9.16135e-16
      9174.79  9.72763e-16
      9176.66  9.97170e-16
      9178.52  9.99388e-16
      9180.39  9.72858e-16
      9182.25  9.71884e-16
      9184.12  1.01292e-15
      9185.99  1.02388e-15
      9187.85  1.01737e-15
      9189.72  9.87794e-16
      9191.58  9.68862e-16
      9193.45  9.71040e-16
      9195.32  1.02478e-15
      9197.18  1.06114e-15
      9199.05  1.04594e-15
      9200.91  1.06431e-15
      9202.78  1.07877e-15
      9204.64  1.04803e-15
      9206.51  1.04295e-15
      9208.38  1.05726e-15
      9210.24  1.07093e-15
      9212.11  1.08736e-15
      9213.97  1.08069e-15
      9215.84  1.10012e-15
      9217.71  1.12917e-15
      9219.57  1.13877e-15
      9221.44  1.11422e-15
      9223.30  1.12648e-15
      9225.17  1.16937e-15
      9227.04  1.16712e-15
      9228.90  1.14593e-15
      9230.77  1.15067e-15
      9232.63  1.13442e-15
      9234.50  1.08844e-15
      9236.36  1.07390e-15
      9238.23  1.10396e-15
      9240.10  1.11349e-15
      9241.96  1.08369e-15
      9243.83  1.06328e-15
      9245.69  1.07741e-15
      9247.56  1.06082e-15
      9249.42  1.06932e-15
      9251.29  1.09735e-15
      9253.16  1.15336e-15
      9255.02  1.15014e-15
      9256.89  1.09013e-15
      9258.75  1.07446e-15
      9260.62  1.05492e-15
      9262.49  1.05070e-15
      9264.35  1.01272e-15
      9266.22  9.80723e-16
      9268.08  9.44735e-16
      9269.95  8.95261e-16
      9271.82  8.06290e-16
      9273.68  7.28270e-16
      9275.55  6.91696e-16
      9277.41  6.96603e-16
      9279.28  7.47229e-16
      9281.14  7.45490e-16
      9283.01  7.46343e-16
      9284.88  7.63020e-16
      9286.74  8.01796e-16
      9288.61  8.21798e-16
      9290.47  8.15356e-16
      9292.34  8.12893e-16
      9294.21  8.43366e-16
      9296.07  8.63140e-16
      9297.94  8.54764e-16
      9299.80  9.05013e-16
      9301.67  9.22757e-16
      9303.53  8.71618e-16
      9305.40  8.40554e-16
      9307.27  9.05813e-16
      9309.13  9.81623e-16
      9311.00  9.24541e-16
      9312.86  8.65200e-16
      9314.73  8.53483e-16
      9316.60  9.05302e-16
      9318.46  9.07339e-16
      9320.33  8.69266e-16
      9322.19  8.82223e-16
      9324.06  9.12190e-16
      9325.92  9.73836e-16
      9327.79  9.63546e-16
      9329.66  8.78827e-16
      9331.52  8.17349e-16
      9333.39  8.21985e-16
      9335.25  8.74749e-16
      9337.12  9.36038e-16
      9338.99  9.19975e-16
      9340.85  8.66083e-16
      9342.72  9.37936e-16
      9344.58  1.08119e-15
      9346.45  1.09176e-15
      9348.32  1.00501e-15
      9350.18  9.32391e-16
      9352.05  9.08375e-16
      9353.91  9.32253e-16
      9355.78  9.60092e-16
      9357.64  1.01626e-15
      9359.51  1.07862e-15
      9361.38  1.09320e-15
      9363.24  1.04035e-15
      9365.11  9.79657e-16
      9366.97  9.78204e-16
      9368.84  1.01150e-15
      9370.70  1.08603e-15
      9372.57  1.13101e-15
      9374.44  1.06367e-15
      9376.30  9.50779e-16
      9378.17  9.59374e-16
      9380.03  1.02054e-15
      9381.90  1.04103e-15
      9383.77  1.01945e-15
      9385.63  1.05931e-15
      9387.50  1.15265e-15
      9389.36  1.16814e-15
      9391.23  1.14427e-15
      9393.10  1.14437e-15
      9394.96  1.15689e-15
      9396.83  1.16879e-15
      9398.69  1.18788e-15
      9400.56  1.21723e-15
      9402.42  1.23272e-15
      9404.29  1.21783e-15
      9406.16  1.16390e-15
      9408.02  1.17488e-15
      9409.89  1.23245e-15
      9411.75  1.22899e-15
      9413.62  1.25567e-15
      9415.49  1.25823e-15
      9417.35  1.18679e-15
      9419.22  1.16759e-15
      9421.08  1.16117e-15
      9422.95  1.14028e-15
      9424.81  1.10470e-15
      9426.68  1.13984e-15
      9428.55  1.29103e-15
      9430.41  1.36907e-15
      9432.28  1.33740e-15
      9434.14  1.20196e-15
      9436.01  1.05035e-15
      9437.88  9.62513e-16
      9439.74  1.02405e-15
      9441.61  1.15215e-15
      9443.47  1.26108e-15
      9445.34  1.29756e-15
      9447.21  1.31074e-15
      9449.07  1.26855e-15
      9450.94  1.18725e-15
      9452.80  1.13715e-15
      9454.67  1.14168e-15
      9456.53  1.11710e-15
      9458.40  1.17291e-15
      9460.27  1.29915e-15
      9462.13  1.29146e-15
      9464.00  1.26871e-15
      9465.86  1.21778e-15
      9467.73  1.25666e-15
      9469.59  1.22739e-15
      9471.46  1.12233e-15
      9473.33  1.10202e-15
      9475.19  1.17454e-15
      9477.06  1.14528e-15
      9478.92  1.15107e-15
      9480.79  1.28577e-15
      9482.66  1.29549e-15
      9484.52  1.26271e-15
      9486.39  1.27641e-15
      9488.25  1.24256e-15
      9490.12  1.16768e-15
      9491.99  1.12260e-15
      9493.85  1.14599e-15
      9495.72  1.09422e-15
      9497.58  1.05850e-15
      9499.45  1.14789e-15
      9501.31  1.27339e-15
      9503.18  1.27456e-15
      9505.05  1.29654e-15
      9506.91  1.32893e-15
      9508.78  1.31045e-15
      9510.64  1.24752e-15
      9512.51  1.16201e-15
      9514.38  1.13329e-15
      9516.24  1.17095e-15
      9518.11  1.17427e-15
      9519.97  1.26202e-15
      9521.84  1.34567e-15
      9523.71  1.31522e-15
      9525.57  1.32559e-15
      9527.44  1.38701e-15
      9529.30  1.38890e-15
      9531.17  1.35946e-15
      9533.03  1.36918e-15
      9534.90  1.38996e-15
      9536.77  1.43256e-15
      9538.63  1.39222e-15
      9540.50  1.29114e-15
      9542.36  1.37097e-15
      9544.23  1.49150e-15
      9546.09  1.45296e-15
      9547.96  1.36018e-15
      9549.83  1.24807e-15
      9551.69  1.18300e-15
      9553.56  1.17554e-15
      9555.42  1.25905e-15
      9557.29  1.35499e-15
      9559.16  1.30448e-15
      9561.02  1.19690e-15
      9562.89  1.17812e-15
      9564.75  1.23024e-15
      9566.62  1.28292e-15
      9568.49  1.32798e-15
      9570.35  1.40627e-15
      9572.22  1.40833e-15
      9574.08  1.41337e-15
      9575.95  1.36899e-15
      9577.81  1.32035e-15
      9579.68  1.35024e-15
      9581.55  1.41073e-15
      9583.41  1.35873e-15
      9585.28  1.24424e-15
      9587.14  1.13710e-15
      9589.01  1.15085e-15
      9590.87  1.16205e-15
      9592.74  1.23617e-15
      9594.61  1.34639e-15
      9596.47  1.39127e-15
      9598.34  1.38086e-15
      9600.20  1.34418e-15
      9602.07  1.30686e-15
      9603.94  1.34797e-15
      9605.80  1.30688e-15
      9607.67  1.29013e-15
      9609.53  1.32008e-15
      9611.40  1.28041e-15
      9613.27  1.21052e-15
      9615.13  1.24241e-15
      9617.00  1.34031e-15
      9618.86  1.41376e-15
      9620.73  1.39157e-15
      9622.59  1.39395e-15
      9624.46  1.40486e-15
      9626.33  1.48431e-15
      9628.19  1.48727e-15
      9630.06  1.46144e-15
      9631.92  1.40052e-15
      9633.79  1.24944e-15
      9635.66  1.19602e-15
      9637.52  1.20442e-15
      9639.39  1.23587e-15
      9641.25  1.30698e-15
      9643.12  1.35168e-15
      9644.99  1.38767e-15
      9646.85  1.42508e-15
      9648.72  1.44875e-15
      9650.58  1.42827e-15
      9652.45  1.44333e-15
      9654.31  1.49512e-15
      9656.18  1.57568e-15
      9658.05  1.53350e-15
      9659.91  1.40657e-15
      9661.78  1.37437e-15
      9663.64  1.29953e-15
      9665.51  1.34565e-15
      9667.38  1.38384e-15
      9669.24  1.49068e-15
      9671.11  1.61174e-15
      9672.97  1.61584e-15
      9674.84  1.55314e-15
      9676.70  1.44110e-15
      9678.57  1.42719e-15
      9680.44  1.50337e-15
      9682.30  1.52733e-15
      9684.17  1.55276e-15
      9686.03  1.53774e-15
      9687.90  1.49714e-15
      9689.77  1.40005e-15
      9691.63  1.36179e-15
      9693.50  1.41818e-15
      9695.36  1.54659e-15
      9697.23  1.60620e-15
      9699.09  1.62870e-15
      9700.96  1.62363e-15
      9702.83  1.59798e-15
      9704.69  1.57416e-15
      9706.56  1.55515e-15
      9708.42  1.51040e-15
      9710.29  1.47846e-15
      9712.16  1.46307e-15
      9714.02  1.44615e-15
      9715.89  1.45901e-15
      9717.75  1.46319e-15
      9719.62  1.41042e-15
      9721.48  1.32755e-15
      9723.35  1.29400e-15
      9725.22  1.30967e-15
      9727.08  1.42419e-15
      9728.95  1.54206e-15
      9730.81  1.50902e-15
      9732.68  1.41010e-15
      9734.55  1.36061e-15
      9736.41  1.40752e-15
      9738.28  1.50752e-15
      9740.14  1.54926e-15
      9742.01  1.53612e-15
      9743.88  1.55844e-15
      9745.74  1.56653e-15
      9747.61  1.50463e-15
      9749.47  1.42175e-15
      9751.34  1.38047e-15
      9753.20  1.39124e-15
      9755.07  1.40126e-15
      9756.94  1.45682e-15
      9758.80  1.48786e-15
      9760.67  1.50587e-15
      9762.53  1.54826e-15
      9764.40  1.64720e-15
      9766.26  1.71781e-15
      9768.13  1.71207e-15
      9770.00  1.66685e-15
      9771.86  1.66823e-15
      9773.73  1.63206e-15
      9775.59  1.59076e-15
      9777.46  1.55091e-15
      9779.33  1.56986e-15
      9781.19  1.58985e-15
      9783.06  1.61110e-15
      9784.92  1.61285e-15
      9786.79  1.50740e-15
      9788.66  1.39778e-15
      9790.52  1.38734e-15
      9792.39  1.52200e-15
      9794.25  1.66930e-15
      9796.12  1.77404e-15
      9797.98  1.71924e-15
      9799.85  1.67556e-15
      9801.72  1.69777e-15
      9803.58  1.74826e-15
      9805.45  1.79862e-15
      9807.31  1.84003e-15
      9809.18  1.81186e-15
      9811.04  1.74859e-15
      9812.91  1.73292e-15
      9814.78  1.78848e-15
      9816.64  1.81071e-15
      9818.51  1.79995e-15
      9820.37  1.79162e-15
      9822.24  1.75293e-15
      9824.11  1.79798e-15
      9825.97  1.83993e-15
      9827.84  1.86329e-15
      9829.70  1.84841e-15
      9831.57  1.84993e-15
      9833.44  1.89528e-15
      9835.30  1.87322e-15
      9837.17  1.88737e-15
      9839.03  1.87034e-15
      9840.90  1.79949e-15
      9842.76  1.79047e-15
      9844.63  1.72689e-15
      9846.50  1.71177e-15
      9848.36  1.73642e-15
      9850.23  1.71700e-15
      9852.09  1.76205e-15
      9853.96  1.78941e-15
      9855.83  1.85034e-15
      9857.69  1.85838e-15
      9859.56  1.91093e-15
      9861.42  1.96283e-15
      9863.29  1.93926e-15
      9865.16  1.95389e-15
      9867.02  1.91110e-15
      9868.89  1.81391e-15
      9870.75  1.84349e-15
      9872.62  1.80096e-15
      9874.48  1.74447e-15
      9876.35  1.79601e-15
      9878.22  1.83593e-15
      9880.08  1.85480e-15
      9881.95  1.87641e-15
      9883.81  1.91742e-15
      9885.68  1.94125e-15
      9887.55  1.93588e-15
      9889.41  1.85590e-15
      9891.28  1.74393e-15
      9893.14  1.75732e-15
      9895.01  1.75660e-15
      9896.87  1.74083e-15
      9898.74  1.75787e-15
      9900.61  1.72504e-15
      9902.47  1.65544e-15
      9904.34  1.65207e-15
      9906.20  1.63958e-15
      9908.07  1.60893e-15
      9909.94  1.57931e-15
      9911.80  1.63273e-15
      9913.67  1.69019e-15
      9915.53  1.75035e-15
      9917.40  1.76038e-15
      9919.26  1.71399e-15
      9921.13  1.69596e-15
      9923.00  1.71851e-15
      9924.86  1.69446e-15
      9926.73  1.71846e-15
      9928.59  1.72909e-15
      9930.46  1.72484e-15
      9932.33  1.84576e-15
      9934.19  1.90020e-15
      9936.06  1.84835e-15
      9937.92  1.80820e-15
      9939.79  1.82974e-15
      9941.65  1.83227e-15
      9943.52  1.77178e-15
      9945.39  1.80646e-15
      9947.25  1.91711e-15
      9949.12  1.96817e-15
      9950.98  1.95589e-15
      9952.85  1.91387e-15
      9954.72  1.90757e-15
      9956.58  1.94830e-15
      9958.45  2.01294e-15
      9960.31  2.05848e-15
      9962.18  2.10745e-15
      9964.04  2.14564e-15
      9965.91  2.03557e-15
      9967.78  1.85515e-15
      9969.64  1.82953e-15
      9971.51  1.93091e-15
      9973.37  1.93796e-15
      9975.24  1.91989e-15
      9977.11  1.92647e-15
      9978.97  1.94224e-15
      9980.84  1.96675e-15
      9982.70  1.98052e-15
      9984.57  1.96636e-15
      9986.44  1.94706e-15
      9988.30  1.90014e-15
      9990.17  1.90087e-15
      9992.03  1.91292e-15
      9993.90  1.87950e-15
      9995.76  1.86425e-15
      9997.63  1.90076e-15
      9999.50  1.93455e-15
      10063.3  1.94278e-15
      10102.0  2.09999e-15
      10141.0  2.15525e-15
      10180.0  2.29329e-15
      10219.2  2.31502e-15
      10258.5  2.44003e-15
      10297.9  2.54077e-15
      10337.5  2.67623e-15
      10377.2  2.72740e-15
      10416.9  2.73489e-15
      10456.9  2.99583e-15
      10496.9  2.92782e-15
      10537.0  3.07155e-15
      10577.3  3.04799e-15
      10617.6  3.15854e-15
      10658.1  3.22674e-15
      10698.6  3.25896e-15
      10739.3  3.29144e-15
      10780.1  3.37885e-15
      10820.9  3.37488e-15
      10861.9  3.35564e-15
      10902.9  3.25545e-15
      10944.1  2.98863e-15
      10985.3  2.72938e-15
      11026.6  2.61131e-15
      11068.0  2.47566e-15
      11109.5  2.28430e-15
      11151.1  2.09582e-15
      11192.7  2.14066e-15
      11234.5  2.17646e-15
      11276.3  2.22044e-15
      11318.1  2.20157e-15
      11360.1  1.97377e-15
      11402.1  2.07437e-15
      11444.1  2.08413e-15
      11486.3  2.24288e-15
      11528.5  2.32061e-15
      11570.8  2.22483e-15
      11613.1  2.15529e-15
      11655.4  2.12337e-15
      11697.9  2.09401e-15
      11740.4  2.11620e-15
      11782.9  2.29036e-15
      11825.5  2.37022e-15
      11868.1  2.71819e-15
      11910.8  2.92975e-15
      11953.5  3.04728e-15
      11996.2  3.18758e-15
      12039.0  3.34902e-15
      12081.9  3.47581e-15
      12124.7  3.57813e-15
      12167.6  3.74368e-15
      12210.5  3.70727e-15
      12253.5  3.94377e-15
      12296.5  4.09857e-15
      12339.5  4.11856e-15
      12382.5  4.11819e-15
      12425.6  4.06712e-15
      12468.6  4.05429e-15
      12511.7  4.13294e-15
      12554.9  4.25590e-15
      12598.0  4.41640e-15
      12641.1  4.64996e-15
      12684.3  4.63663e-15
      12727.4  4.63736e-15
      12770.6  4.67500e-15
      12813.8  4.59928e-15
      12856.9  4.51235e-15
      12900.1  4.51734e-15
      12943.3  4.48170e-15
      12986.5  4.44877e-15
      13029.6  4.42204e-15
      13072.8  4.34655e-15
      13116.0  4.18740e-15
      13159.2  4.09695e-15
      13202.3  3.95239e-15
      13245.5  3.66024e-15
      13288.6  3.02809e-15
      13331.7  2.27803e-15
      13374.8  1.49900e-15
      13417.9  1.06373e-15
      13461.0  8.46311e-16
      13504.1  7.46023e-16
      13547.1  6.29292e-16
      13590.2  6.21536e-16
      13633.2  7.00278e-16
      13676.1  6.50072e-16
      13719.1  6.88160e-16
      13762.0  7.83805e-16
      13804.9  9.08885e-16
      13847.8  9.53640e-16
      13890.6  8.81896e-16
      13933.5  8.20840e-16
      13976.2  6.50736e-16
      14019.0  8.04347e-16
      14061.7  8.11530e-16
      14104.4  6.77959e-16
      14147.1  6.50595e-16
      14189.7  6.75160e-16
      14232.2  6.91960e-16
      14274.8  6.59686e-16
      14317.3  6.10607e-16
      14359.7  7.15640e-16
      14402.2  7.69425e-16
      14444.5  8.23735e-16
      14486.9  8.38914e-16
      14529.1  9.86747e-16
      14571.4  9.65565e-16
      14613.6  1.13402e-15
      14655.7  1.11704e-15
      14697.8  1.13476e-15
      14739.9  1.25539e-15
      14781.9  1.30969e-15
      14823.8  1.27268e-15
      14865.7  1.29469e-15
      14907.6  1.40059e-15
      14949.4  1.44923e-15
      14991.1  1.52470e-15
      15032.8  1.63685e-15
      15074.5  1.66017e-15
      15116.1  1.72068e-15
      15157.6  2.00879e-15
      15199.1  1.98779e-15
      15240.5  2.16232e-15
      15281.8  2.24927e-15
      15323.1  2.43319e-15
      15364.4  2.39932e-15
      15405.6  2.52235e-15
      15446.7  2.69091e-15
      15487.8  2.80191e-15
      15528.8  2.91858e-15
      15569.7  2.89828e-15
      15610.6  2.91933e-15
      15651.4  3.00464e-15
      15692.2  3.07093e-15
      15732.9  3.30479e-15
      15773.6  3.35815e-15
      15814.1  3.36918e-15
      15854.7  3.46131e-15
      15895.1  3.46681e-15
      15935.5  3.49370e-15
      15975.8  3.62391e-15
      16016.1  3.58329e-15
      16056.3  3.51538e-15
      16096.4  3.36445e-15
      16136.5  3.27910e-15
      16176.5  3.19544e-15
      16216.5  3.20223e-15
      16256.3  3.16787e-15
      16296.2  3.06839e-15
      16335.9  3.00114e-15
      16375.6  3.05246e-15
      16415.2  3.07744e-15
      16454.8  3.07183e-15
      16494.3  3.12679e-15
      16533.7  3.12079e-15
      16573.0  3.12009e-15
      16612.3  3.10949e-15
      16651.5  3.07127e-15
      16690.7  2.85689e-15
      16729.8  2.85742e-15
      16768.8  2.77170e-15
      16807.8  2.90841e-15
      16846.7  2.94446e-15
      16885.5  3.01683e-15
      16924.3  2.92603e-15
      16963.0  2.85207e-15
      17001.6  2.78262e-15
      17040.2  2.70355e-15
      17078.7  2.61486e-15
      17117.1  2.59317e-15
      17155.5  2.49922e-15
      17193.8  2.47178e-15
      17232.1  2.43285e-15
      17270.2  2.36394e-15
      17308.4  2.30184e-15
      17346.4  2.18822e-15
      17384.4  2.14685e-15
      17422.3  1.85338e-15
      17460.2  1.90220e-15
      17498.0  1.79229e-15
      17535.7  1.73457e-15
      17573.4  1.65750e-15
      17611.0  1.57799e-15
      17648.5  1.58747e-15
      17686.0  1.44397e-15
      17723.4  1.24130e-15
      17760.8  1.23373e-15
      17798.1  1.22778e-15
      17835.3  1.14298e-15
      17872.5  1.09782e-15
      17909.6  1.09048e-15
      17946.6  1.10644e-15
      17983.6  1.01215e-15
      18020.5  9.70137e-16
      18057.4  9.04098e-16
      18094.2  9.92142e-16
      18131.0  1.00793e-15
      18167.7  1.02359e-15
      18204.3  1.02091e-15
      18240.8  1.03687e-15
      18277.4  1.00052e-15
      18313.8  1.11854e-15
      18350.2  9.23410e-16
      18386.5  9.28062e-16
      18422.8  9.11666e-16
      18459.0  8.92448e-16
      18495.2  8.67839e-16
      18531.3  8.92676e-16
      18567.4  8.68129e-16
      18603.3  7.18832e-16
      18639.3  6.57305e-16
      18675.2  7.28122e-16
      18711.0  8.42944e-16
      18746.8  7.77742e-16
      18782.5  8.74352e-16
      18818.1  9.20306e-16
      18853.8  9.70992e-16
      18889.3  9.19924e-16
      18924.8  1.05860e-15
      18960.3  1.04275e-15
      18995.6  1.11884e-15
      19031.0  1.06178e-15
      19066.3  1.15403e-15
      19101.5  1.11242e-15
      19136.7  1.23092e-15
      19171.8  1.30345e-15
      19206.9  1.22289e-15
      19241.9  1.11131e-15
      19276.9  1.08105e-15
      19311.8  9.97739e-16
      19346.7  8.57999e-16
      19381.6  8.47852e-16
      19416.3  7.44251e-16
      19451.1  8.49915e-16
      19485.7  7.87326e-16
      19520.4  8.68119e-16
      19554.9  8.56927e-16
      19589.5  8.53206e-16
      19623.9  7.65872e-16
      19658.4  8.52630e-16
      19692.8  8.91522e-16
      19727.1  8.90868e-16
      19761.4  9.17699e-16
      19795.6  8.96889e-16
      19829.8  8.96777e-16
      19864.0  8.85888e-16
      19898.1  9.55405e-16
      19932.1  9.70143e-16
      19966.1  9.87394e-16
      20000.1  1.05309e-15
      20034.0  1.02310e-15
      20067.8  1.09826e-15
      20101.7  1.17582e-15
      20135.4  1.04627e-15
      20169.2  1.21629e-15
      20202.8  1.19786e-15
      20236.5  1.20043e-15
      20270.0  1.28262e-15
      20303.6  1.29918e-15
      20337.1  1.37679e-15
      20370.5  1.35488e-15
      20403.9  1.33958e-15
      20437.3  1.45350e-15
      20470.6  1.45732e-15
      20503.9  1.45723e-15
      20537.1  1.50726e-15
      20570.3  1.50774e-15
      20603.4  1.55569e-15
      20636.5  1.61311e-15
      20669.5  1.60013e-15
      20702.5  1.63953e-15
      20735.5  1.64759e-15
      20768.4  1.63396e-15
      20801.2  1.68102e-15
      20834.1  1.66644e-15
      20866.8  1.64862e-15
      20899.6  1.68593e-15
      20932.2  1.64032e-15
      20964.9  1.66760e-15
      20997.5  1.72015e-15
      21030.0  1.70382e-15
      21062.5  1.68023e-15
      21095.0  1.68548e-15
      21127.4  1.74571e-15
      21159.7  1.69803e-15
      21192.0  1.70281e-15
      21224.3  1.71367e-15
      21256.5  1.66371e-15
      21288.7  1.69682e-15
      21320.8  1.65975e-15
      21352.9  1.63727e-15
      21385.0  1.70285e-15
      21417.0  1.65109e-15
      21448.9  1.60955e-15
      21480.8  1.61673e-15
      21512.7  1.57943e-15
      21544.5  1.65288e-15
      21576.2  1.53286e-15
      21607.9  1.55304e-15
      21639.6  1.50125e-15
      21671.2  1.52188e-15
      21702.8  1.49666e-15
      21734.3  1.47236e-15
      21765.8  1.47690e-15
      21797.2  1.42554e-15
      21828.6  1.39389e-15
      21859.9  1.34160e-15
      21891.2  1.32377e-15
      21922.4  1.26398e-15
      21953.6  1.27865e-15
      21984.8  1.10643e-15
      22015.9  1.14519e-15
      22046.9  1.02041e-15
      22077.9  9.70689e-16
      22108.8  9.96491e-16
      22139.7  1.09137e-15
      22170.5  1.04360e-15
      22201.3  1.00578e-15
      22232.1  1.01349e-15
      22262.8  1.05045e-15
      22293.4  1.05144e-15
      22324.0  9.80239e-16
      22354.5  1.02876e-15
      22385.0  9.74775e-16
      22415.4  9.58117e-16
      22445.8  9.58865e-16
      22476.2  9.32906e-16
      22506.4  8.79770e-16
      22536.7  9.19105e-16
      22566.8  8.52112e-16
      22597.0  9.30843e-16
      22627.0  8.66786e-16
      22657.1  8.80106e-16
      22687.0  8.63884e-16
      22717.0  7.93768e-16
      22746.8  8.25852e-16
      22776.6  8.36507e-16
      22806.4  8.19621e-16
      22836.1  7.96158e-16
      22865.8  7.95835e-16
      22895.4  7.97271e-16
      22924.9  7.04382e-16
      22954.4  6.13005e-16
      22983.9  5.95034e-16
      23013.3  5.96782e-16
      23042.6  6.94107e-16
      23071.9  6.41242e-16
      23101.2  7.03432e-16
      23130.4  7.06673e-16
      23159.5  6.58506e-16
      23188.6  5.80444e-16
      23217.6  5.82481e-16
      23246.6  5.40991e-16
      23275.6  5.07187e-16
      23304.5  5.08242e-16
      23333.3  5.03389e-16
      23362.1  5.40851e-16
      23390.8  5.50307e-16
      23419.5  5.08616e-16
      23448.2  5.18860e-16
      23476.8  5.60873e-16
      23505.3  5.48957e-16
      23533.8  5.38251e-16
      23562.3  5.42005e-16
      23590.7  6.26998e-16
      23619.1  6.14561e-16
      23647.4  5.84244e-16
      23675.6  5.93725e-16
      23703.9  5.57778e-16
      23732.1  5.40873e-16
      23760.2  5.41595e-16
      23788.3  4.86344e-16
      23816.4  4.57322e-16
      23844.4  6.12019e-16
      23872.4  5.57656e-16
      23900.3  6.35632e-16
      23928.3  5.49939e-16
      23956.1  6.64607e-16
      23984.0  6.09676e-16
      24011.8  6.76407e-16
      24039.6  6.82784e-16
      24067.3  6.00704e-16
      24095.0  6.27796e-16
      24122.7  7.12876e-16
      24150.4  6.85645e-16
      24178.0  6.28395e-16
      24205.6  6.70270e-16
      24233.2  6.54896e-16
      24260.7  6.75644e-16
      24288.3  6.17493e-16
      24315.8  6.95150e-16
      24343.3  7.32161e-16
      24370.8  6.43813e-16
      24398.3  6.41008e-16
      24425.7  6.06931e-16
      24453.2  6.47908e-16
      24480.6  6.44552e-16
      24508.1  7.02649e-16
      24535.5  6.24584e-16
      24562.9  5.73523e-16
      24590.4  5.13137e-16
      24617.8  6.57370e-16
      24645.3  5.88424e-16
      24672.7  6.36370e-16
      24700.2  5.98862e-16
      24727.7  5.19733e-16
      24755.2  5.13244e-16
      24782.7  5.88695e-16
      24810.2  6.01975e-16
      24837.8  6.67165e-16
      24865.4  4.94798e-16
      24893.0  5.89297e-16
      24920.6  5.37307e-16
      24948.3  6.20563e-16
      24976.1  6.06525e-16
      25003.8  6.19722e-16
      25031.7  3.65080e-16
      25059.5  4.46021e-16
      25087.5  5.05923e-16
      25115.5  7.14849e-16
      25143.5  4.17549e-16
      25171.6  5.10525e-16
      25199.8  3.73779e-16
      25228.1  5.77527e-16
      25256.5  4.48123e-16
      25284.9  3.76541e-16
      25313.4  4.89248e-16
      25342.0  8.08971e-16
      25370.7  4.23486e-16
      25399.6  1.72675e-16
      25428.5  3.24355e-16
      25457.5  4.53488e-16
      25486.7  7.52080e-16
      25516.0  9.46317e-16
      25545.4  6.06398e-16
      25574.9  1.51302e-16
      25604.6  5.45984e-16
