      6294.46 -7.41501e-19
      6296.33 -1.03200e-18
      6298.19  2.30035e-17
      6300.05  2.23266e-17
      6301.92 -3.56002e-17
      6303.78 -4.84110e-18
      6305.65 -1.90795e-17
      6307.51 -1.27427e-17
      6309.37 -5.68274e-18
      6311.24  7.88868e-18
      6313.10  1.90842e-19
      6314.96  2.00774e-18
      6316.83  2.27348e-18
      6318.69  5.63117e-18
      6320.55  2.10394e-18
      6322.42 -3.92768e-18
      6324.28 -1.58640e-19
      6326.14  9.61110e-19
      6328.01 -1.35844e-18
      6329.87 -2.75694e-18
      6331.73 -1.01973e-18
      6333.60  2.78749e-19
      6335.46  4.35694e-18
      6337.32  8.18969e-18
      6339.19  3.49075e-18
      6341.05  3.45090e-18
      6342.91  1.78114e-18
      6344.78  7.27431e-18
      6346.64 -2.39098e-18
      6348.51  1.25678e-18
      6350.37 -2.77654e-18
      6352.23  7.31086e-19
      6354.10 -9.81798e-19
      6355.96  6.18795e-18
      6357.82  3.40102e-18
      6359.69 -7.02152e-18
      6361.55 -4.19409e-18
      6363.41 -9.85103e-18
      6365.28  1.36699e-18
      6367.14  1.86971e-18
      6369.00  1.61835e-18
      6370.87 -3.49083e-20
      6372.73  5.38734e-19
      6374.59  4.68319e-18
      6376.46  5.31843e-18
      6378.32  1.15165e-18
      6380.18  2.08403e-18
      6382.05 -4.80223e-18
      6383.91 -7.43947e-18
      6385.77  3.15229e-18
      6387.64 -1.16872e-18
      6389.50  1.94118e-19
      6391.36  4.99287e-18
      6393.23  2.52340e-19
      6395.09 -5.61298e-18
      6396.96 -7.11062e-19
      6398.82  6.33491e-18
      6400.68  1.23991e-18
      6402.55  1.97748e-19
      6404.41  5.55921e-18
      6406.27 -2.48994e-19
      6408.14  3.13766e-18
      6410.00  1.96874e-18
      6411.86  5.30113e-18
      6413.73  2.39720e-18
      6415.59  4.47334e-18
      6417.45  4.32201e-18
      6419.32 -2.03798e-18
      6421.18  2.49164e-18
      6423.04 -7.25095e-19
      6424.91  2.75547e-18
      6426.77  3.61093e-19
      6428.63  1.65740e-19
      6430.50 -3.68104e-18
      6432.36  1.46237e-18
      6434.22  8.02034e-19
      6436.09  7.89291e-18
      6437.95  9.15583e-18
      6439.82  6.83088e-18
      6441.68 -9.72376e-19
      6443.54 -6.26210e-19
      6445.41 -2.35128e-18
      6447.27  6.48152e-18
      6449.13  5.75608e-18
      6451.00 -1.41512e-18
      6452.86  4.51737e-18
      6454.72  3.21320e-18
      6456.59  1.93998e-18
      6458.45  5.20496e-18
      6460.31  1.12601e-18
      6462.18  3.86801e-18
      6464.04  7.55571e-18
      6465.90  5.39426e-18
      6467.77  6.84879e-18
      6469.63  4.64143e-18
      6471.49  4.37562e-18
      6473.36  4.03980e-18
      6475.22  8.65762e-18
      6477.08  5.01501e-18
      6478.95  8.22531e-18
      6480.81  6.21615e-18
      6482.68  4.42279e-18
      6484.54  3.38643e-18
      6486.40  5.08518e-18
      6488.27  7.54012e-18
      6490.13  5.76715e-18
      6491.99  2.97341e-18
      6493.86  1.06502e-18
      6495.72 -2.32334e-20
      6497.58 -2.98360e-18
      6499.45  2.71619e-18
      6501.31  4.71335e-18
      6503.17 -1.52521e-18
      6505.04 -1.75698e-19
      6506.90  3.61903e-19
      6508.76  4.32197e-18
      6510.63  7.32669e-18
      6512.49  1.16436e-17
      6514.35  7.80256e-18
      6516.22  3.32023e-18
      6518.08  7.23670e-18
      6519.94  6.89910e-18
      6521.81  5.37969e-18
      6523.67  4.81164e-18
      6525.53  5.26324e-18
      6527.40  7.39600e-19
      6529.26  2.19030e-18
      6531.13  6.87858e-18
      6532.99  7.08786e-18
      6534.85  1.16605e-17
      6536.72  1.23292e-17
      6538.58  8.32694e-18
      6540.44  3.89964e-18
      6542.31  3.70858e-18
      6544.17  5.42201e-18
      6546.03  1.28102e-17
      6547.90  6.12820e-18
      6549.76 -1.53937e-18
      6551.62  1.37897e-17
      6553.49  4.56707e-18
      6555.35  1.05353e-18
      6557.21  9.91566e-18
      6559.08  1.12052e-17
      6560.94  2.17600e-18
      6562.80  3.58585e-19
      6564.67 -1.14282e-21
      6566.53 -4.82193e-18
      6568.39 -2.54181e-18
      6570.26 -1.50409e-18
      6572.12  2.97147e-18
      6573.99  6.21298e-18
      6575.85  1.46546e-17
      6577.71  7.48628e-18
      6579.58  6.96133e-19
      6581.44  1.76277e-18
      6583.30  6.22751e-18
      6585.17  8.11676e-18
      6587.03  4.94147e-18
      6588.89  3.21672e-18
      6590.76  5.88677e-18
      6592.62  3.72779e-18
      6594.48  1.00665e-17
      6596.35  8.93866e-18
      6598.21  6.72629e-18
      6600.07  9.30789e-18
      6601.94  4.26044e-18
      6603.80  3.37552e-18
      6605.66  4.59454e-18
      6607.53  7.77517e-18
      6609.39  8.80158e-18
      6611.25  6.84851e-18
      6613.12  1.12165e-17
      6614.98  1.10244e-17
      6616.85  1.01921e-17
      6618.71  6.70231e-18
      6620.57  5.80170e-18
      6622.44  8.12962e-18
      6624.30  7.61656e-18
      6626.16  4.18254e-18
      6628.03  4.31155e-18
      6629.89  5.86857e-18
      6631.75  9.21167e-18
      6633.62  8.27797e-18
      6635.48  9.92470e-18
      6637.34  6.69544e-18
      6639.21  4.81917e-18
      6641.07  6.72185e-18
      6642.93  8.12856e-18
      6644.80  1.13864e-17
      6646.66  7.91371e-18
      6648.52  1.08032e-17
      6650.39  4.02233e-18
      6652.25  9.67231e-18
      6654.11  1.08280e-17
      6655.98  8.56405e-18
      6657.84  1.10528e-17
      6659.71  1.30184e-17
      6661.57  1.15897e-17
      6663.43  5.73642e-18
      6665.30  1.16227e-17
      6667.16  1.91982e-17
      6669.02  1.82753e-17
      6670.89  8.72173e-18
      6672.75  1.20177e-17
      6674.61  1.24510e-17
      6676.48  1.50544e-17
      6678.34  9.98342e-18
      6680.20  1.41588e-17
      6682.07  9.97984e-18
      6683.93  1.46831e-17
      6685.79  1.07925e-17
      6687.66  7.25921e-18
      6689.52  1.59158e-17
      6691.38  8.95302e-18
      6693.25  1.20748e-17
      6695.11  9.95351e-18
      6696.97  8.35510e-18
      6698.84  1.03156e-17
      6700.70  9.58619e-18
      6702.56  1.05367e-17
      6704.43  9.21595e-18
      6706.29  1.36879e-17
      6708.16  1.28579e-17
      6710.02  1.06135e-17
      6711.88  1.09221e-17
      6713.75  1.19563e-17
      6715.61  9.36926e-18
      6717.47  1.23118e-17
      6719.34  1.43116e-17
      6721.20  9.07919e-18
      6723.06  1.43079e-17
      6724.93  1.84867e-17
      6726.79  1.19512e-17
      6728.65  1.19181e-17
      6730.52  1.62216e-17
      6732.38  1.48177e-17
      6734.24  1.26491e-17
      6736.11  1.16858e-17
      6737.97  1.29446e-17
      6739.83  1.11222e-17
      6741.70  1.30625e-17
      6743.56  1.41738e-17
      6745.42  1.53636e-17
      6747.29  1.46005e-17
      6749.15  1.57310e-17
      6751.02  1.38350e-17
      6752.88  1.72518e-17
      6754.74  1.70756e-17
      6756.61  1.50772e-17
      6758.47  1.48009e-17
      6760.33  1.18807e-17
      6762.20  1.66807e-17
      6764.06  2.15197e-17
      6765.92  2.16049e-17
      6767.79  1.87795e-17
      6769.65  1.56618e-17
      6771.51  1.78356e-17
      6773.38  1.66148e-17
      6775.24  1.24127e-17
      6777.10  1.47115e-17
      6778.97  1.74663e-17
      6780.83  1.61321e-17
      6782.69  1.84042e-17
      6784.56  1.76024e-17
      6786.42  1.49074e-17
      6788.28  1.67748e-17
      6790.15  1.95513e-17
      6792.01  1.63479e-17
      6793.88  1.87172e-17
      6795.74  1.52159e-17
      6797.60  2.00498e-17
      6799.47  1.81463e-17
      6801.33  1.58341e-17
      6803.19  1.72943e-17
      6805.06  1.59324e-17
      6806.92  1.80402e-17
      6808.78  2.02094e-17
      6810.65  1.85171e-17
      6812.51  1.47891e-17
      6814.37  1.95213e-17
      6816.24  1.83806e-17
      6818.10  1.97263e-17
      6819.96  1.99275e-17
      6821.83  1.39693e-17
      6823.69  1.84138e-17
      6825.55  1.67054e-17
      6827.42  1.60319e-17
      6829.28  2.45755e-17
      6831.14  2.56632e-17
      6833.01  1.97810e-17
      6834.87  2.31848e-17
      6836.74  2.69176e-17
      6838.60  2.55490e-17
      6840.46  2.01180e-17
      6842.33  1.82464e-17
      6844.19  2.08698e-17
      6846.05  9.71232e-18
      6847.92  1.54427e-17
      6849.78  1.80686e-17
      6851.64  1.66241e-17
      6853.51  1.75828e-17
      6855.37  1.99104e-17
      6857.23  1.78021e-17
      6859.10  1.83494e-17
      6860.96  1.58953e-17
      6862.82  1.53572e-17
      6864.69  2.01572e-17
      6866.55  1.90117e-17
      6868.41  1.54201e-17
      6870.28  1.35929e-17
      6872.14  1.19393e-17
      6874.00  1.51909e-17
      6875.87  1.63281e-17
      6877.73  1.82475e-17
      6879.59  1.71916e-17
      6881.46  2.50845e-17
      6883.32  2.23214e-17
      6885.19  1.91025e-17
      6887.05  2.23465e-17
      6888.91  2.19997e-17
      6890.78  2.34922e-17
      6892.64  2.09132e-17
      6894.50  2.27755e-17
      6896.37  2.13827e-17
      6898.23  1.89595e-17
      6900.09  1.57642e-17
      6901.96  1.62709e-17
      6903.82  2.43531e-17
      6905.68  2.13805e-17
      6907.55  2.09850e-17
      6909.41  2.07489e-17
      6911.27  1.61574e-17
      6913.14  1.46160e-17
      6915.00  1.89058e-17
      6916.86  2.17487e-17
      6918.73  1.94447e-17
      6920.59  2.33435e-17
      6922.45  2.22427e-17
      6924.32  2.19093e-17
      6926.18  2.35607e-17
      6928.05  2.51330e-17
      6929.91  2.04542e-17
      6931.77  2.12734e-17
      6933.64  1.90994e-17
      6935.50  1.88220e-17
      6937.36  2.42909e-17
      6939.23  2.28186e-17
      6941.09  2.49737e-17
      6942.95  2.57403e-17
      6944.82  1.91007e-17
      6946.68  1.94404e-17
      6948.54  1.99552e-17
      6950.41  2.42408e-17
      6952.27  2.71012e-17
      6954.13  2.67646e-17
      6956.00  2.35184e-17
      6957.86  2.56624e-17
      6959.72  2.51470e-17
      6961.59  2.17159e-17
      6963.45  2.17076e-17
      6965.31  2.19630e-17
      6967.18  1.83278e-17
      6969.04  1.63555e-17
      6970.91  1.91159e-17
      6972.77  2.45968e-17
      6974.63  2.71531e-17
      6976.50  2.01321e-17
      6978.36  2.55892e-17
      6980.22  2.75003e-17
      6982.09  2.15543e-17
      6983.95  1.96189e-17
      6985.81  2.15666e-17
      6987.68  1.86676e-17
      6989.54  2.26511e-17
      6991.40  2.11608e-17
      6993.27  2.68992e-17
      6995.13  2.04957e-17
      6996.99  2.27157e-17
      6998.86  2.24535e-17
      7000.72  2.11441e-17
      7002.58  2.11698e-17
      7004.45  2.04351e-17
      7006.31  2.25429e-17
      7008.17  2.54636e-17
      7010.04  2.25911e-17
      7011.90  2.37930e-17
      7013.76  2.38243e-17
      7015.63  2.38243e-17
      7017.49  2.39817e-17
      7019.36  2.41948e-17
      7021.22  2.48552e-17
      7023.08  2.13272e-17
      7024.95  1.81782e-17
      7026.81  1.81680e-17
      7028.67  2.45460e-17
      7030.54  2.16617e-17
      7032.40  2.35909e-17
      7034.26  2.33782e-17
      7036.13  2.11946e-17
      7037.99  2.62665e-17
      7039.85  2.37148e-17
      7041.72  2.37922e-17
      7043.58  2.36844e-17
      7045.44  2.73538e-17
      7047.31  2.96056e-17
      7049.17  2.58762e-17
      7051.03  2.64528e-17
      7052.90  2.07327e-17
      7054.76  1.96431e-17
      7056.62  2.02021e-17
      7058.49  2.49380e-17
      7060.35  2.22108e-17
      7062.22  2.45344e-17
      7064.08  2.61344e-17
      7065.94  2.57489e-17
      7067.81  2.67107e-17
      7069.67  2.79908e-17
      7071.53  2.44912e-17
      7073.40  2.51709e-17
      7075.26  2.40467e-17
      7077.12  2.52342e-17
      7078.99  2.56343e-17
      7080.85  2.40416e-17
      7082.71  2.58101e-17
      7084.58  2.76479e-17
      7086.44  2.74325e-17
      7088.30  2.44583e-17
      7090.17  2.30744e-17
      7092.03  2.62435e-17
      7093.89  2.90962e-17
      7095.76  2.75499e-17
      7097.62  2.74076e-17
      7099.48  2.64735e-17
      7101.35  2.82887e-17
      7103.21  3.15944e-17
      7105.08  2.92357e-17
      7106.94  2.89952e-17
      7108.80  3.06005e-17
      7110.67  3.00721e-17
      7112.53  2.45698e-17
      7114.39  2.76421e-17
      7116.26  2.91509e-17
      7118.12  2.89128e-17
      7119.98  2.55522e-17
      7121.85  2.91187e-17
      7123.71  2.75684e-17
      7125.57  2.82735e-17
      7127.44  3.11740e-17
      7129.30  3.11081e-17
      7131.16  3.21602e-17
      7133.03  3.25834e-17
      7134.89  2.94948e-17
      7136.75  2.88386e-17
      7138.62  2.33968e-17
      7140.48  2.80818e-17
      7142.34  2.93241e-17
      7144.21  2.79439e-17
      7146.07  2.90589e-17
      7147.94  2.55808e-17
      7149.80  2.46124e-17
      7151.66  2.42071e-17
      7153.53  2.89131e-17
      7155.39  2.97428e-17
      7157.25  2.64679e-17
      7159.12  2.72183e-17
      7160.98  2.90278e-17
      7162.84  3.15713e-17
      7164.71  2.95451e-17
      7166.57  2.85685e-17
      7168.43  2.76977e-17
      7170.30  2.55370e-17
      7172.16  2.82762e-17
      7174.02  2.87351e-17
      7175.89  2.83502e-17
      7177.75  2.89049e-17
      7179.61  2.78143e-17
      7181.48  2.98182e-17
      7183.34  2.98118e-17
      7185.20  2.85256e-17
      7187.07  2.78757e-17
      7188.93  2.66557e-17
      7190.80  2.63806e-17
      7192.66  3.15226e-17
      7194.52  3.05210e-17
      7196.39  2.86104e-17
      7198.25  2.62119e-17
      7200.11  2.45603e-17
      7201.98  2.92055e-17
      7203.84  3.13662e-17
      7205.70  2.68744e-17
      7207.57  3.34659e-17
      7209.43  2.90653e-17
      7211.29  2.97665e-17
      7213.16  3.10939e-17
      7215.02  2.90092e-17
      7216.88  3.04730e-17
      7218.75  3.11648e-17
      7220.61  3.28022e-17
      7222.47  3.00913e-17
      7224.34  2.75598e-17
      7226.20  2.95911e-17
      7228.07  2.88674e-17
      7229.93  3.28036e-17
      7231.79  3.38599e-17
      7233.66  2.98112e-17
      7235.52  3.66418e-17
      7237.38  3.75692e-17
      7239.25  3.52091e-17
      7241.11  3.40706e-17
      7242.97  2.10962e-17
      7244.84  1.86669e-17
      7246.70  2.79708e-17
      7248.56  2.74515e-17
      7250.43  2.93386e-17
      7252.29  2.85319e-17
      7254.15  3.22762e-17
      7256.02  3.52665e-17
      7257.88  3.32869e-17
      7259.74  2.85467e-17
      7261.61  2.90588e-17
      7263.47  3.28418e-17
      7265.33  2.91793e-17
      7267.20  3.02461e-17
      7269.06  3.01333e-17
      7270.93  2.80942e-17
      7272.79  2.62086e-17
      7274.65  2.89158e-17
      7276.52  3.34603e-17
      7278.38  3.00187e-17
      7280.24  2.55894e-17
      7282.11  2.73957e-17
      7283.97  3.03978e-17
      7285.83  3.08935e-17
      7287.70  3.42068e-17
      7289.56  3.17335e-17
      7291.42  2.52265e-17
      7293.29  2.58203e-17
      7295.15  2.77959e-17
      7297.01  3.35541e-17
      7298.88  3.47870e-17
      7300.74  2.97519e-17
      7302.60  2.82684e-17
      7304.47  2.76910e-17
      7306.33  3.33777e-17
      7308.19  3.59471e-17
      7310.06  2.44451e-17
      7311.92  2.83490e-17
      7313.78  4.16451e-17
      7315.65  3.36337e-17
      7317.51  2.03309e-17
      7319.38  1.51088e-17
      7321.24  2.54375e-17
      7323.10  2.90370e-17
      7324.97  2.40899e-17
      7326.83  2.55697e-17
      7328.69  2.78041e-17
      7330.56  2.64210e-17
      7332.42  2.26343e-17
      7334.28  2.73567e-17
      7336.15  2.94574e-17
      7338.01  2.74099e-17
      7339.87  2.58247e-17
      7341.74  2.45312e-17
      7343.60  2.53868e-17
      7345.46  2.74196e-17
      7347.33  3.16746e-17
      7349.19  2.77101e-17
      7351.05  2.36990e-17
      7352.92  3.04546e-17
      7354.78  2.84062e-17
      7356.64  1.86386e-17
      7358.51  2.25929e-17
      7360.37  2.70316e-17
      7362.23  2.69865e-17
      7364.10  1.90971e-17
      7365.96  2.32267e-17
      7367.82  2.36495e-17
      7369.69  2.69091e-17
      7371.55  2.92871e-17
      7373.42  2.62547e-17
      7375.28  2.96867e-17
      7377.14  3.29748e-17
      7379.01  2.43453e-17
      7380.87  2.32658e-17
      7382.73  2.29841e-17
      7384.60  2.45383e-17
      7386.46  1.84111e-17
      7388.32  2.48202e-17
      7390.19  2.45328e-17
      7392.05  2.14892e-17
      7393.91  2.64535e-17
      7395.78  3.07568e-17
      7397.64  2.25858e-17
      7399.50  2.22083e-17
      7401.37  2.63176e-17
      7403.23  2.49144e-17
      7405.09  3.14154e-17
      7406.96  2.50367e-17
      7408.82  2.51309e-17
      7410.68  2.33221e-17
      7412.55  2.07892e-17
      7414.41  2.16915e-17
      7416.28  2.49220e-17
      7418.14  2.45206e-17
      7420.00  2.61222e-17
      7421.87  2.28152e-17
      7423.73  2.34668e-17
      7425.59  2.40108e-17
      7427.46  2.05885e-17
      7429.32  2.26999e-17
      7431.18  2.26004e-17
      7433.05  2.70032e-17
      7434.91  2.49931e-17
      7436.77  2.22027e-17
      7438.64  2.13038e-17
      7440.50  1.95539e-17
      7442.36  1.96357e-17
      7444.23  2.20563e-17
      7446.09  1.99070e-17
      7447.95  2.10072e-17
      7449.82  1.58658e-17
      7451.68  2.12206e-17
      7453.54  2.17954e-17
      7455.41  1.55698e-17
      7457.27  2.26857e-17
      7459.14  2.17496e-17
      7461.00  2.33270e-17
      7462.86  2.22347e-17
      7464.73  2.05321e-17
      7466.59  2.03936e-17
      7468.45  1.71083e-17
      7470.32  1.62947e-17
      7472.18  1.77681e-17
      7474.04  1.70461e-17
      7475.91  1.30163e-17
      7477.77  1.80555e-17
      7479.63  1.61683e-17
      7481.50  1.80555e-17
      7483.36  1.79207e-17
      7485.22  2.30021e-17
      7487.09  1.80132e-17
      7488.95  1.97466e-17
      7490.81  1.71552e-17
      7492.68  2.11011e-17
      7494.54  2.07008e-17
      7496.40  1.75778e-17
      7498.27  1.98186e-17
      7500.13  1.75743e-17
      7502.00  1.33569e-17
      7503.86  1.51785e-17
      7505.72  1.81724e-17
      7507.59  1.49856e-17
      7509.45  1.48936e-17
      7511.31  1.87944e-17
      7513.18  1.37707e-17
      7515.04  1.23721e-17
      7516.90  1.65022e-17
      7518.77  1.66844e-17
      7520.63  2.39649e-17
      7522.49  2.97591e-17
      7524.36  2.08557e-17
      7526.22  1.59052e-17
      7528.08  1.46094e-17
      7529.95  1.30444e-17
      7531.81  1.55557e-17
      7533.67  1.91575e-17
      7535.54  1.47556e-17
      7537.40  1.37524e-17
      7539.26  1.96744e-17
      7541.13  1.58238e-17
      7542.99  1.42048e-17
      7544.86  1.81879e-17
      7546.72  1.32050e-17
      7548.58  1.02388e-17
      7550.45  1.45299e-17
      7552.31  1.21875e-17
      7554.17  1.36128e-17
      7556.04  1.29623e-17
      7557.90  1.08070e-17
      7559.76  1.46553e-17
      7561.63  1.06087e-17
      7563.49  1.18234e-17
      7565.35  7.28253e-18
      7567.22  8.36613e-18
      7569.08  1.19382e-17
      7570.94  1.08448e-17
      7572.81  9.05258e-18
      7574.67  1.26445e-17
      7576.53  1.63535e-17
      7578.40  9.22144e-18
      7580.26  1.28948e-17
      7582.12  1.39823e-17
      7583.99  9.00968e-18
      7585.85  6.77598e-18
      7587.72  8.76910e-18
      7589.58  9.14224e-18
      7591.44  4.76540e-18
      7593.31  7.02979e-18
      7595.17  7.27464e-18
      7597.03  5.48575e-18
      7598.90  6.18644e-18
      7600.76  6.14175e-18
      7602.62  4.98278e-19
      7604.49  3.00683e-18
      7606.35  2.30239e-18
      7608.21  2.88643e-18
      7610.08  1.36131e-18
      7611.94  3.93705e-19
      7613.80  6.88966e-18
      7615.67  3.76749e-18
      7617.53  1.96523e-18
      7619.39  6.16100e-18
      7621.26  2.53506e-18
      7623.12  1.42446e-18
      7624.98  3.38155e-18
      7626.85  6.46267e-18
      7628.71  4.91652e-18
      7630.58  9.43438e-18
      7632.44  1.09504e-17
      7634.30  3.87273e-18
      7636.17  4.87277e-18
      7638.03 -6.76434e-19
      7639.89 -1.73467e-18
      7641.76  1.26844e-19
      7643.62  5.55250e-19
      7645.48 -1.78536e-18
      7647.35  2.62935e-18
      7649.21  4.28819e-18
      7651.07  1.31679e-18
      7652.94 -3.33782e-18
      7654.80  1.96377e-19
      7656.66  2.45745e-18
      7658.53 -1.52399e-18
      7660.39 -4.37236e-18
      7662.25 -4.01068e-18
      7664.12 -5.55189e-19
      7665.98  7.61880e-19
      7667.84  6.50756e-19
      7669.71  8.04863e-19
      7671.57  1.59051e-18
      7673.44 -4.02367e-19
      7675.30 -5.08046e-19
      7677.16  6.80134e-18
      7679.03  4.86870e-18
      7680.89  4.37757e-18
      7682.75  1.52526e-18
      7684.62 -2.63157e-18
      7686.48 -4.15685e-18
      7688.34 -2.62573e-18
      7690.21 -3.41010e-18
      7692.07  2.60259e-18
      7693.93  4.59434e-18
      7695.80 -4.19401e-19
      7697.66  2.28353e-18
      7699.52  4.00317e-18
      7701.39  2.52604e-19
      7703.25 -4.74664e-18
      7705.11 -1.21187e-18
      7706.98 -1.49908e-18
      7708.84 -4.63117e-18
      7710.70 -8.94098e-19
      7712.57  6.72258e-18
      7714.43  8.47854e-18
      7716.30  1.57183e-17
      7718.16  7.83772e-18
      7720.02  5.78758e-18
      7721.89  2.90826e-18
      7723.75 -3.46086e-18
      7725.61 -3.53884e-18
      7727.48 -2.57094e-18
      7729.34 -1.25505e-18
      7731.20  7.25543e-18
      7733.07  7.34558e-18
      7734.93  6.89495e-18
      7736.79  1.08310e-17
      7738.66  9.35180e-18
      7740.52  9.32124e-18
      7742.38  4.85677e-18
      7744.25  3.36672e-18
      7746.11  9.47781e-18
      7747.97 -5.26157e-18
      7749.84 -1.57783e-17
      7751.70 -8.72897e-18
      7753.56 -8.34167e-19
      7755.43 -6.21896e-18
      7757.29  2.25809e-18
      7759.16  2.29151e-18
      7761.02 -7.60121e-19
      7762.88  5.39413e-18
      7764.75  1.33530e-17
      7766.61  2.00779e-17
      7768.47  2.93795e-17
      7770.34  4.81900e-17
      7772.20  7.88359e-17
      7774.06  8.17773e-17
      7775.93  5.80761e-17
      7777.79  3.13011e-17
      7779.65  3.43861e-18
      7781.52  6.66060e-18
      7783.38  1.64582e-17
      7785.24  1.40266e-17
      7787.11  1.65710e-17
      7788.97  1.82268e-17
      7790.83  1.49963e-17
      7792.70  1.78506e-17
      7794.56  2.94018e-17
      7796.42  2.41713e-17
      7798.29  1.79757e-17
      7800.15  8.25209e-18
      7802.01  4.68848e-18
      7803.88  9.72050e-18
      7805.74  1.77248e-17
      7807.61  2.03599e-17
      7809.47  2.24945e-17
      7811.33  2.44560e-17
      7813.20  2.25830e-17
      7815.06  1.80340e-17
      7816.92  2.34828e-17
      7818.79  2.94236e-17
      7820.65  2.64086e-17
      7822.51  3.12195e-17
      7824.38  3.65371e-17
      7826.24  2.81419e-17
      7828.10  3.05292e-17
      7829.97  2.85791e-17
      7831.83  2.83295e-17
      7833.69  2.76885e-17
      7835.56  2.27448e-17
      7837.42  2.82178e-17
      7839.28  2.42366e-17
      7841.15  2.21887e-17
      7843.01  2.48523e-17
      7844.87  2.04529e-17
      7846.74  2.53173e-17
      7848.60  2.29217e-17
      7850.46  2.40087e-17
      7852.33  2.07609e-17
      7854.19  2.05758e-17
      7856.06  3.00775e-17
      7857.92  3.42462e-17
      7859.78  3.89632e-17
      7861.65  3.86320e-17
      7863.51  3.62791e-17
      7865.37  3.67007e-17
      7867.24  4.19670e-17
      7869.10  4.70814e-17
      7870.96  4.07529e-17
      7872.83  4.26984e-17
      7874.69  4.52352e-17
      7876.55  4.69588e-17
      7878.42  4.56670e-17
      7880.28  4.74912e-17
      7882.14  4.53809e-17
      7884.01  4.92087e-17
      7885.87  4.90012e-17
      7887.73  5.29124e-17
      7889.60  4.39255e-17
      7891.46  4.47435e-17
      7893.32  5.47065e-17
      7895.19  4.59198e-17
      7897.05  4.58819e-17
      7898.92  4.70122e-17
      7900.78  4.82393e-17
      7902.64  4.67183e-17
      7904.51  5.82498e-17
      7906.37  5.83044e-17
      7908.23  5.91355e-17
      7910.10  6.89446e-17
      7911.96  8.04423e-17
      7913.82  7.08367e-17
      7915.69  7.20695e-17
      7917.55  6.19344e-17
      7919.41  4.51542e-17
      7921.28  5.20602e-17
      7923.14  4.89963e-17
      7925.00  4.84863e-17
      7926.87  4.51176e-17
      7928.73  5.75417e-17
      7930.59  5.79385e-17
      7932.46  5.23300e-17
      7934.32  5.75978e-17
      7936.18  5.74668e-17
      7938.05  5.99478e-17
      7939.91  6.08787e-17
      7941.78  5.32421e-17
      7943.64  4.91847e-17
      7945.50  3.28137e-17
      7947.37  2.00077e-17
      7949.23  1.18314e-17
      7951.09  1.48540e-17
      7952.96  2.96178e-17
      7954.82  4.78490e-17
      7956.68  4.93756e-17
      7958.55  5.54387e-17
      7960.41  6.44957e-17
      7962.27  6.87793e-17
      7964.14  7.57822e-17
      7966.00  5.83060e-17
      7967.86  6.08217e-17
      7969.73  7.51900e-17
      7971.59  6.90846e-17
      7973.45  6.94708e-17
      7975.32  7.68477e-17
      7977.18  8.19263e-17
      7979.04  7.80602e-17
      7980.91  7.76446e-17
      7982.77  7.70781e-17
      7984.64  8.01542e-17
      7986.50  8.41029e-17
      7988.36  7.91440e-17
      7990.23  8.55221e-17
      7992.09  9.54619e-17
      7993.95  9.76511e-17
      7995.82  1.06801e-16
      7997.68  1.02491e-16
      7999.54  8.97146e-17
      8001.41  8.65005e-17
      8003.27  8.30528e-17
      8005.13  7.99279e-17
      8007.00  7.96605e-17
      8008.86  8.10675e-17
      8010.72  8.20850e-17
      8012.59  8.54248e-17
      8014.45  8.96544e-17
      8016.31  9.56576e-17
      8018.18  9.29718e-17
      8020.04  1.02378e-16
      8021.90  1.04361e-16
      8023.77  1.13466e-16
      8025.63  1.07944e-16
      8027.50  9.74993e-17
      8029.36  1.05838e-16
      8031.22  9.82091e-17
      8033.09  9.58037e-17
      8034.95  9.61847e-17
      8036.81  8.90239e-17
      8038.68  9.81200e-17
      8040.54  1.00200e-16
      8042.40  9.82848e-17
      8044.27  1.00566e-16
      8046.13  1.03782e-16
      8047.99  1.08456e-16
      8049.86  1.10195e-16
      8051.72  1.14310e-16
      8053.58  1.13526e-16
      8055.45  1.09631e-16
      8057.31  1.15323e-16
      8059.17  1.05230e-16
      8061.04  9.83821e-17
      8062.90  1.07676e-16
      8064.76  1.17466e-16
      8066.63  1.24335e-16
      8068.49  1.25071e-16
      8070.36  1.25145e-16
      8072.22  1.22455e-16
      8074.08  1.28514e-16
      8075.95  1.28564e-16
      8077.81  1.24803e-16
      8079.67  1.29539e-16
      8081.54  1.31570e-16
      8083.40  1.30651e-16
      8085.26  1.27967e-16
      8087.13  1.29286e-16
      8088.99  1.36343e-16
      8090.85  1.37518e-16
      8092.72  1.41846e-16
      8094.58  1.48448e-16
      8096.44  1.40930e-16
      8098.31  1.26715e-16
      8100.17  1.25706e-16
      8102.03  1.35128e-16
      8103.90  1.36889e-16
      8105.76  1.32503e-16
      8107.62  1.40297e-16
      8109.49  1.44058e-16
      8111.35  1.40365e-16
      8113.21  1.44330e-16
      8115.08  1.51085e-16
      8116.94  1.55932e-16
      8118.81  1.62505e-16
      8120.67  1.61931e-16
      8122.53  1.60824e-16
      8124.40  1.62027e-16
      8126.26  1.58070e-16
      8128.12  1.57025e-16
      8129.99  1.55892e-16
      8131.85  1.55089e-16
      8133.71  1.58353e-16
      8135.58  1.59725e-16
      8137.44  1.64810e-16
      8139.30  1.65754e-16
      8141.17  1.66972e-16
      8143.03  1.69629e-16
      8144.89  1.69982e-16
      8146.76  1.65861e-16
      8148.62  1.64671e-16
      8150.48  1.64796e-16
      8152.35  1.67218e-16
      8154.21  1.68599e-16
      8156.07  1.70224e-16
      8157.94  1.67800e-16
      8159.80  1.66902e-16
      8161.67  1.69111e-16
      8163.53  1.68237e-16
      8165.39  1.76078e-16
      8167.26  1.85052e-16
      8169.12  1.82580e-16
      8170.98  1.81363e-16
      8172.85  1.83078e-16
      8174.71  1.84475e-16
      8176.57  1.88059e-16
      8178.44  1.89508e-16
      8180.30  1.98087e-16
      8182.16  2.02100e-16
      8184.03  2.01287e-16
      8185.89  2.05025e-16
      8187.75  1.95532e-16
      8189.62  1.91966e-16
      8191.48  2.06903e-16
      8193.34  2.12648e-16
      8195.21  2.11653e-16
      8197.07  2.09692e-16
      8198.93  2.04701e-16
      8200.80  2.05821e-16
      8202.66  2.14185e-16
      8204.53  2.19108e-16
      8206.39  2.14977e-16
      8208.25  2.17631e-16
      8210.12  2.18943e-16
      8211.98  2.19969e-16
      8213.84  2.22294e-16
      8215.71  2.16263e-16
      8217.57  2.17547e-16
      8219.43  2.25634e-16
      8221.30  2.28702e-16
      8223.16  2.24888e-16
      8225.02  2.19459e-16
      8226.89  2.11194e-16
      8228.75  2.17604e-16
      8230.61  2.15418e-16
      8232.48  2.26232e-16
      8234.34  2.41377e-16
      8236.20  2.44977e-16
      8238.07  2.49751e-16
      8239.93  2.56183e-16
      8241.79  2.60187e-16
      8243.66  2.60050e-16
      8245.52  2.65436e-16
      8247.39  2.60221e-16
      8249.25  2.56175e-16
      8251.11  2.62401e-16
      8252.98  2.62997e-16
      8254.84  2.52310e-16
      8256.70  2.56489e-16
      8258.57  2.57141e-16
      8260.43  2.55784e-16
      8262.29  2.59708e-16
      8264.16  2.58739e-16
      8266.02  2.63892e-16
      8267.88  2.64486e-16
      8269.75  2.68678e-16
      8271.61  2.62625e-16
      8273.47  2.60031e-16
      8275.34  2.55919e-16
      8277.20  2.50156e-16
      8279.06  2.75866e-16
      8280.93  2.64021e-16
      8282.79  2.64739e-16
      8284.65  2.63767e-16
      8286.52  2.77347e-16
      8288.38  2.74609e-16
      8290.24  2.84349e-16
      8292.11  2.88965e-16
      8293.97  3.04255e-16
      8295.84  3.22884e-16
      8297.70  3.12334e-16
      8299.56  2.87660e-16
      8301.43  2.84514e-16
      8303.29  2.95863e-16
      8305.15  2.94571e-16
      8307.02  2.90031e-16
      8308.88  2.99968e-16
      8310.74  3.04328e-16
      8312.61  2.99828e-16
      8314.47  2.92030e-16
      8316.33  2.97318e-16
      8318.20  2.97307e-16
      8320.06  2.93893e-16
      8321.92  2.92850e-16
      8323.79  3.07304e-16
      8325.65  3.11445e-16
      8327.51  3.13249e-16
      8329.38  3.12199e-16
      8331.24  3.12812e-16
      8333.10  3.15785e-16
      8334.97  3.08112e-16
      8336.83  3.20642e-16
      8338.70  3.21211e-16
      8340.56  3.22790e-16
      8342.42  3.55946e-16
      8344.28  3.79241e-16
      8346.15  3.88272e-16
      8348.01  3.81508e-16
      8349.88  3.81700e-16
      8351.74  3.96596e-16
      8353.60  3.84845e-16
      8355.47  3.71149e-16
      8357.33  3.65310e-16
      8359.19  3.61202e-16
      8361.06  3.72816e-16
      8362.92  3.82925e-16
      8364.78  3.68539e-16
      8366.65  3.64538e-16
      8368.51  3.78275e-16
      8370.37  3.87165e-16
      8372.24  3.85711e-16
      8374.10  3.79529e-16
      8375.96  3.86360e-16
      8377.83  3.85038e-16
      8379.69  3.81523e-16
      8381.55  3.76885e-16
      8383.42  3.76474e-16
      8385.28  3.80700e-16
      8387.15  3.70011e-16
      8389.01  3.69330e-16
      8390.87  3.85447e-16
      8392.74  4.03568e-16
      8394.60  4.19434e-16
      8396.46  4.30024e-16
      8398.33  4.33728e-16
      8400.19  4.19979e-16
      8402.05  4.10586e-16
      8403.92  3.94006e-16
      8405.78  3.98479e-16
      8407.64  4.10728e-16
      8409.51  4.09540e-16
      8411.37  4.24074e-16
      8413.23  4.50187e-16
      8415.10  4.65323e-16
      8416.96  4.64281e-16
      8418.82  4.64908e-16
      8420.69  4.59523e-16
      8422.55  4.58461e-16
      8424.41  4.77427e-16
      8426.28  4.98945e-16
      8428.14  5.04232e-16
      8430.01  5.28693e-16
      8431.87  5.19470e-16
      8433.73  4.90805e-16
      8435.60  4.97126e-16
      8437.46  4.87598e-16
      8439.32  4.82657e-16
      8441.19  4.87338e-16
      8443.05  4.95286e-16
      8444.91  5.11367e-16
      8446.78  5.18884e-16
      8448.64  5.01644e-16
      8450.50  4.97012e-16
      8452.37  4.91628e-16
      8454.23  4.89540e-16
      8456.09  5.01554e-16
      8457.96  4.94729e-16
      8459.82  4.92242e-16
      8461.68  5.06324e-16
      8463.55  5.19593e-16
      8465.41  5.19955e-16
      8467.27  5.31554e-16
      8469.14  5.40390e-16
      8471.00  5.60537e-16
      8472.87  5.40854e-16
      8474.73  5.52739e-16
      8476.59  5.45600e-16
      8478.46  5.41746e-16
      8480.32  5.54167e-16
      8482.18  5.45380e-16
      8484.05  5.39800e-16
      8485.91  5.39865e-16
      8487.77  5.32962e-16
      8489.64  5.34098e-16
      8491.50  5.23866e-16
      8493.36  5.08551e-16
      8495.23  4.91786e-16
      8497.09  4.97252e-16
      8498.95  5.12393e-16
      8500.82  4.95706e-16
      8502.68  4.99430e-16
      8504.54  5.28872e-16
      8506.41  5.52682e-16
      8508.27  5.78701e-16
      8510.13  5.51925e-16
      8512.00  5.26084e-16
      8513.86  4.82039e-16
      8515.73  4.45974e-16
      8517.59  3.97295e-16
      8519.45  3.15298e-16
      8521.32  2.40631e-16
      8523.18  2.42911e-16
      8525.04  3.05594e-16
      8526.91  4.03305e-16
      8528.77  4.96056e-16
      8530.63  5.54879e-16
      8532.50  5.77016e-16
      8534.36  5.87566e-16
      8536.22  5.94212e-16
      8538.09  5.80146e-16
      8539.95  5.77680e-16
      8541.81  5.79690e-16
      8543.68  5.94289e-16
      8545.54  5.85437e-16
      8547.40  5.75217e-16
      8549.27  5.87920e-16
      8551.13  5.97093e-16
      8553.00  6.17138e-16
      8554.86  6.45746e-16
      8556.72  6.51277e-16
      8558.59  6.59662e-16
      8560.45  6.52612e-16
      8562.31  6.52958e-16
      8564.18  6.43854e-16
      8566.04  6.24989e-16
      8567.90  6.23341e-16
      8569.77  6.36825e-16
      8571.63  6.34057e-16
      8573.49  6.37838e-16
      8575.36  6.43109e-16
      8577.22  6.54977e-16
      8579.08  6.56800e-16
      8580.95  6.60671e-16
      8582.81  6.83170e-16
      8584.67  6.94529e-16
      8586.54  6.89275e-16
      8588.40  6.93052e-16
      8590.26  6.87850e-16
      8592.13  6.83670e-16
      8593.99  6.81729e-16
      8595.85  6.81001e-16
      8597.72  6.92608e-16
      8599.58  6.80931e-16
      8601.45  6.72653e-16
      8603.31  6.76117e-16
      8605.17  6.67541e-16
      8607.04  6.96381e-16
      8608.90  7.30931e-16
      8610.76  7.31188e-16
      8612.63  7.16532e-16
      8614.49  6.92840e-16
      8616.35  6.85954e-16
      8618.22  6.97256e-16
      8620.08  7.35119e-16
      8621.94  7.57451e-16
      8623.81  7.29592e-16
      8625.67  7.08791e-16
      8627.53  7.06670e-16
      8629.40  7.09837e-16
      8631.26  7.18038e-16
      8633.12  7.21534e-16
      8634.99  7.45518e-16
      8636.85  7.53316e-16
      8638.71  7.54456e-16
      8640.58  7.58156e-16
      8642.44  7.57899e-16
      8644.30  7.58681e-16
      8646.17  7.60219e-16
      8648.03  7.49006e-16
      8649.90  7.16214e-16
      8651.76  7.29698e-16
      8653.62  7.30199e-16
      8655.49  7.18103e-16
      8657.35  7.15933e-16
      8659.21  7.15905e-16
      8661.08  7.27057e-16
      8662.94  7.64322e-16
      8664.80  8.11485e-16
      8666.67  8.45091e-16
      8668.53  8.41517e-16
      8670.39  7.95783e-16
      8672.26  7.77081e-16
      8674.12  7.86064e-16
      8675.98  7.90683e-16
      8677.85  8.17801e-16
      8679.71  8.07016e-16
      8681.57  8.06165e-16
      8683.44  7.96275e-16
      8685.30  8.33455e-16
      8687.16  8.48424e-16
      8689.03  8.68029e-16
      8690.89  8.73662e-16
      8692.76  8.67423e-16
      8694.62  8.64663e-16
      8696.48  8.63304e-16
      8698.35  8.73068e-16
      8700.21  8.71509e-16
      8702.07  8.78921e-16
      8703.94  8.79381e-16
      8705.80  8.86560e-16
      8707.66  8.77842e-16
      8709.53  8.63833e-16
      8711.39  8.55746e-16
      8713.25  8.43418e-16
      8715.12  8.48371e-16
      8716.98  8.63255e-16
      8718.84  8.69694e-16
      8720.71  8.71977e-16
      8722.57  8.69608e-16
      8724.43  8.81208e-16
      8726.30  8.76462e-16
      8728.16  8.75363e-16
      8730.02  8.91269e-16
      8731.89  8.91635e-16
      8733.75  9.00825e-16
      8735.62  9.11179e-16
      8737.48  9.14334e-16
      8739.34  9.10980e-16
      8741.21  9.21981e-16
      8743.07  9.18627e-16
      8744.93  9.17972e-16
      8746.80  8.99840e-16
      8748.66  9.09018e-16
      8750.52  9.18310e-16
      8752.39  9.24273e-16
      8754.25  9.46633e-16
      8756.11  9.46495e-16
      8757.98  9.58143e-16
      8759.84  9.53406e-16
      8761.70  9.11692e-16
      8763.57  8.93178e-16
      8765.43  9.13308e-16
      8767.29  9.34203e-16
      8769.16  9.50679e-16
      8771.02  9.55705e-16
      8772.88  9.55225e-16
      8774.75  9.89568e-16
      8776.61  1.01291e-15
      8778.47  9.95644e-16
      8780.34  1.00065e-15
      8782.20  1.00242e-15
      8784.07  9.88819e-16
      8785.93  1.00137e-15
      8787.79  9.97052e-16
      8789.66  1.00157e-15
      8791.52  1.01593e-15
      8793.38  1.01247e-15
      8795.25  1.02329e-15
      8797.11  1.01485e-15
      8798.97  1.01548e-15
      8800.84  1.02331e-15
      8802.70  1.02944e-15
      8804.56  1.04437e-15
      8806.43  1.04643e-15
      8808.29  1.06791e-15
      8810.15  1.09595e-15
      8812.02  1.09520e-15
      8813.88  1.11198e-15
      8815.74  1.11188e-15
      8817.61  1.10164e-15
      8819.47  1.09398e-15
      8821.33  1.07708e-15
      8823.20  1.06790e-15
      8825.06  1.08456e-15
      8826.93  1.11840e-15
      8828.79  1.13325e-15
      8830.65  1.10640e-15
      8832.52  1.11917e-15
      8834.38  1.11471e-15
      8836.24  1.10973e-15
      8838.11  1.11499e-15
      8839.97  1.07959e-15
      8841.83  1.09619e-15
      8843.70  1.11644e-15
      8845.56  1.10487e-15
      8847.42  1.09429e-15
      8849.29  1.10629e-15
      8851.15  1.10185e-15
      8853.01  1.11997e-15
      8854.88  1.14519e-15
      8856.74  1.13137e-15
      8858.60  1.12847e-15
      8860.47  1.14743e-15
      8862.33  1.15264e-15
      8864.20  1.15742e-15
      8866.06  1.16009e-15
      8867.92  1.16121e-15
      8869.79  1.15721e-15
      8871.65  1.17713e-15
      8873.51  1.16540e-15
      8875.38  1.17277e-15
      8877.24  1.19639e-15
      8879.10  1.22479e-15
      8880.97  1.23428e-15
      8882.83  1.23557e-15
      8884.69  1.21458e-15
      8886.56  1.21966e-15
      8888.42  1.22240e-15
      8890.28  1.24170e-15
      8892.15  1.23595e-15
      8894.01  1.25133e-15
      8895.87  1.24093e-15
      8897.74  1.26034e-15
      8899.60  1.24223e-15
      8901.46  1.25334e-15
      8903.33  1.30392e-15
      8905.19  1.30100e-15
      8907.05  1.28042e-15
      8908.92  1.28862e-15
      8910.78  1.27980e-15
      8912.65  1.25929e-15
      8914.51  1.27284e-15
      8916.37  1.28150e-15
      8918.24  1.27945e-15
      8920.10  1.25111e-15
      8921.96  1.28360e-15
      8923.83  1.30395e-15
      8925.69  1.27327e-15
      8927.55  1.25402e-15
      8929.42  1.19388e-15
      8931.28  1.17743e-15
      8933.14  1.24022e-15
      8935.01  1.11993e-15
      8936.87  9.94057e-16
      8938.73  9.78379e-16
      8940.60  8.58668e-16
      8942.46  6.79059e-16
      8944.32  5.71355e-16
      8946.19  6.22279e-16
      8948.05  7.91680e-16
      8949.92  9.95949e-16
      8951.78  1.11400e-15
      8953.64  1.18374e-15
      8955.50  1.24053e-15
      8957.37  1.27836e-15
      8959.23  1.31546e-15
      8961.10  1.31075e-15
      8962.96  1.28699e-15
      8964.82  1.29463e-15
      8966.69  1.30090e-15
      8968.55  1.31152e-15
      8970.41  1.31866e-15
      8972.28  1.32267e-15
      8974.14  1.32630e-15
      8976.00  1.35789e-15
      8977.87  1.39760e-15
      8979.73  1.38955e-15
      8981.59  1.39222e-15
      8983.46  1.41033e-15
      8985.32  1.39901e-15
      8987.18  1.35794e-15
      8989.05  1.34638e-15
      8990.91  1.33427e-15
      8992.77  1.36886e-15
      8994.64  1.43021e-15
      8996.50  1.46226e-15
      8998.37  1.45841e-15
      9000.23  1.44795e-15
      9002.09  1.41356e-15
      9003.96  1.44332e-15
      9005.82  1.48784e-15
      9007.68  1.46742e-15
      9009.55  1.47334e-15
      9011.41  1.48829e-15
      9013.27  1.50544e-15
      9015.14  1.49457e-15
      9017.00  1.49748e-15
      9018.86  1.49155e-15
      9020.73  1.50964e-15
      9022.59  1.54225e-15
      9024.45  1.49620e-15
      9026.32  1.50946e-15
      9028.18  1.51312e-15
      9030.04  1.54450e-15
      9031.91  1.60685e-15
      9033.77  1.66325e-15
      9035.63  1.67938e-15
      9037.50  1.69441e-15
      9039.36  1.69566e-15
      9041.22  1.67566e-15
      9043.09  1.66417e-15
      9044.95  1.68347e-15
      9046.82  1.67641e-15
      9048.68  1.66687e-15
      9050.54  1.69315e-15
      9052.41  1.68848e-15
      9054.27  1.66342e-15
      9056.13  1.66278e-15
      9058.00  1.66671e-15
      9059.86  1.48955e-15
      9061.72  1.49045e-15
      9063.59  1.63310e-15
      9065.45  1.66765e-15
      9067.31  1.68396e-15
      9069.18  1.68920e-15
      9071.04  1.65494e-15
      9072.90  1.64660e-15
      9074.77  1.66836e-15
      9076.63  1.67408e-15
      9078.49  1.69891e-15
      9080.36  1.69677e-15
      9082.22  1.68948e-15
      9084.09  1.72894e-15
      9085.95  1.71302e-15
      9087.81  1.70404e-15
      9089.67  1.72867e-15
      9091.54  1.73636e-15
      9093.40  1.75386e-15
      9095.27  1.77364e-15
      9097.13  1.76715e-15
      9098.99  1.76628e-15
      9100.86  1.76860e-15
      9102.72  1.76148e-15
      9104.58  1.75697e-15
      9106.45  1.73418e-15
      9108.31  1.72109e-15
      9110.17  1.77666e-15
      9112.04  1.84653e-15
      9113.90  1.87348e-15
      9115.76  1.88091e-15
      9117.63  1.81820e-15
      9119.49  1.81368e-15
      9121.35  1.86342e-15
      9123.22  1.87439e-15
      9125.08  1.88098e-15
      9126.94  1.85955e-15
      9128.81  1.82089e-15
      9130.67  1.77933e-15
      9132.53  1.79698e-15
      9134.40  1.81313e-15
      9136.26  1.78144e-15
      9138.13  1.79776e-15
      9139.99  1.82256e-15
      9141.85  1.88461e-15
      9143.72  1.92449e-15
      9145.58  1.93354e-15
      9147.44  1.91327e-15
      9149.31  1.89753e-15
      9151.17  1.85897e-15
      9153.03  1.81300e-15
      9154.90  1.79559e-15
      9156.76  1.80533e-15
      9158.62  1.86030e-15
      9160.49  1.90587e-15
      9162.35  1.92359e-15
      9164.21  1.99027e-15
      9166.08  2.01405e-15
      9167.94  1.96531e-15
      9169.80  1.94200e-15
      9171.67  1.92772e-15
      9173.53  1.88960e-15
      9175.39  1.85274e-15
      9177.26  1.88445e-15
      9179.12  1.95049e-15
      9180.99  1.99818e-15
      9182.85  2.01522e-15
      9184.71  1.98163e-15
      9186.58  2.01010e-15
      9188.44  2.01469e-15
      9190.30  2.02205e-15
      9192.17  2.06372e-15
      9194.03  2.02391e-15
      9195.89  1.97743e-15
      9197.76  2.02885e-15
      9199.62  2.08576e-15
      9201.48  2.15485e-15
      9203.35  2.20323e-15
      9205.21  2.19964e-15
      9207.07  2.19545e-15
      9208.94  2.15445e-15
      9210.80  2.17446e-15
      9212.66  2.19120e-15
      9214.53  2.17147e-15
      9216.39  2.14040e-15
      9218.25  2.15863e-15
      9220.12  2.18846e-15
      9221.98  2.18373e-15
      9223.85  2.19091e-15
      9225.71  2.18138e-15
      9227.57  2.18313e-15
      9229.44  2.18010e-15
      9231.30  2.18663e-15
      9233.16  2.15118e-15
      9235.03  2.18757e-15
      9236.89  2.18450e-15
      9238.75  2.15133e-15
      9240.62  2.15414e-15
      9242.48  2.15817e-15
      9244.34  2.19244e-15
      9246.21  2.19821e-15
      9248.07  2.16646e-15
      9249.93  2.14275e-15
      9251.80  2.15316e-15
      9253.66  2.20759e-15
      9255.52  2.26955e-15
      9257.39  2.27893e-15
      9259.25  2.23377e-15
      9261.12  2.17901e-15
      9262.98  2.14965e-15
      9264.84  2.11015e-15
      9266.70  2.05182e-15
      9268.57  2.01917e-15
      9270.43  1.95284e-15
      9272.30  1.82955e-15
      9274.16  1.66403e-15
      9276.02  1.47715e-15
      9277.89  1.31776e-15
      9279.75  1.21071e-15
      9281.61  1.20417e-15
      9283.48  1.24427e-15
      9285.34  1.28950e-15
      9287.20  1.33628e-15
      9289.07  1.38117e-15
      9290.93  1.43114e-15
      9292.79  1.44498e-15
      9294.66  1.47052e-15
      9296.52  1.50283e-15
      9298.38  1.48257e-15
      9300.25  1.46755e-15
      9302.11  1.45606e-15
      9303.97  1.51827e-15
      9305.84  1.56562e-15
      9307.70  1.49181e-15
      9309.57  1.48820e-15
      9311.43  1.61159e-15
      9313.29  1.71069e-15
      9315.16  1.59426e-15
      9317.02  1.45012e-15
      9318.88  1.37704e-15
      9320.75  1.43629e-15
      9322.61  1.39104e-15
      9324.47  1.39325e-15
      9326.34  1.46805e-15
      9328.20  1.59597e-15
      9330.06  1.72625e-15
      9331.93  1.69964e-15
      9333.79  1.54148e-15
      9335.65  1.43862e-15
      9337.52  1.44162e-15
      9339.38  1.48826e-15
      9341.24  1.43242e-15
      9343.11  1.37724e-15
      9344.97  1.32715e-15
      9346.84  1.48126e-15
      9348.70  1.74594e-15
      9350.56  1.85688e-15
      9352.42  1.78535e-15
      9354.29  1.67986e-15
      9356.15  1.56372e-15
      9358.02  1.54308e-15
      9359.88  1.63913e-15
      9361.74  1.77891e-15
      9363.61  1.87812e-15
      9365.47  1.86408e-15
      9367.33  1.77696e-15
      9369.20  1.67887e-15
      9371.06  1.66625e-15
      9372.92  1.71028e-15
      9374.79  1.81389e-15
      9376.65  1.88465e-15
      9378.51  1.81548e-15
      9380.38  1.76368e-15
      9382.24  1.82467e-15
      9384.10  1.89468e-15
      9385.97  1.97065e-15
      9387.83  2.01247e-15
      9389.69  2.13104e-15
      9391.56  2.26957e-15
      9393.42  2.39759e-15
      9395.29  2.48008e-15
      9397.15  2.49164e-15
      9399.01  2.47725e-15
      9400.87  2.49873e-15
      9402.74  2.47963e-15
      9404.60  2.48634e-15
      9406.47  2.52336e-15
      9408.33  2.46132e-15
      9410.19  2.37060e-15
      9412.06  2.34114e-15
      9413.92  2.33381e-15
      9415.78  2.29018e-15
      9417.65  2.27947e-15
      9419.51  2.26034e-15
      9421.37  2.28454e-15
      9423.24  2.32476e-15
      9425.10  2.24106e-15
      9426.96  2.08136e-15
      9428.83  1.95279e-15
      9430.69  2.04590e-15
      9432.55  2.33577e-15
      9434.42  2.57684e-15
      9436.28  2.61734e-15
      9438.14  2.38487e-15
      9440.01  1.98699e-15
      9441.87  1.74688e-15
      9443.74  1.75422e-15
      9445.60  1.92445e-15
      9447.46  2.24411e-15
      9449.33  2.44550e-15
      9451.19  2.48250e-15
      9453.05  2.42694e-15
      9454.92  2.19062e-15
      9456.78  2.03954e-15
      9458.64  1.98646e-15
      9460.51  1.93894e-15
      9462.37  2.06353e-15
      9464.23  2.25603e-15
      9466.10  2.36459e-15
      9467.96  2.34309e-15
      9469.82  2.37375e-15
      9471.69  2.41876e-15
      9473.55  2.34560e-15
      9475.41  2.21201e-15
      9477.28  2.13251e-15
      9479.14  2.06366e-15
      9481.01  2.04063e-15
      9482.87  2.12738e-15
      9484.73  2.30303e-15
      9486.59  2.50533e-15
      9488.46  2.63705e-15
      9490.32  2.70834e-15
      9492.19  2.61850e-15
      9494.05  2.37278e-15
      9495.91  2.19350e-15
      9497.78  2.13212e-15
      9499.64  2.04599e-15
      9501.50  2.03275e-15
      9503.37  2.12381e-15
      9505.23  2.35202e-15
      9507.09  2.55154e-15
      9508.96  2.67060e-15
      9510.82  2.77605e-15
      9512.68  2.78889e-15
      9514.55  2.65295e-15
      9516.41  2.46074e-15
      9518.27  2.29892e-15
      9520.14  2.26327e-15
      9522.00  2.30500e-15
      9523.86  2.35406e-15
      9525.73  2.51445e-15
      9527.59  2.70968e-15
      9529.46  2.75520e-15
      9531.32  2.77371e-15
      9533.18  2.84611e-15
      9535.05  2.81764e-15
      9536.91  2.79073e-15
      9538.77  2.82362e-15
      9540.64  2.80896e-15
      9542.50  2.67875e-15
      9544.36  2.56126e-15
      9546.23  2.57496e-15
      9548.09  2.70891e-15
      9549.95  2.71170e-15
      9551.82  2.59370e-15
      9553.68  2.45622e-15
      9555.54  2.37386e-15
      9557.41  2.45034e-15
      9559.27  2.61528e-15
      9561.13  2.72492e-15
      9563.00  2.67626e-15
      9564.86  2.48814e-15
      9566.72  2.48720e-15
      9568.59  2.55626e-15
      9570.45  2.74611e-15
      9572.32  2.97751e-15
      9574.18  3.12951e-15
      9576.04  3.15882e-15
      9577.91  3.00006e-15
      9579.77  2.83408e-15
      9581.63  2.65878e-15
      9583.50  2.68501e-15
      9585.36  2.81801e-15
      9587.22  2.73460e-15
      9589.09  2.56684e-15
      9590.95  2.48269e-15
      9592.81  2.52896e-15
      9594.68  2.61517e-15
      9596.54  2.70088e-15
      9598.40  2.87777e-15
      9600.27  3.02847e-15
      9602.13  2.99729e-15
      9603.99  2.89918e-15
      9605.86  2.76719e-15
      9607.72  2.67111e-15
      9609.58  2.65453e-15
      9611.45  2.65491e-15
      9613.31  2.63796e-15
      9615.17  2.51274e-15
      9617.04  2.41419e-15
      9618.90  2.46652e-15
      9620.77  2.61433e-15
      9622.63  2.70290e-15
      9624.49  2.73837e-15
      9626.36  2.81930e-15
      9628.22  2.90431e-15
      9630.08  3.00297e-15
      9631.95  3.10491e-15
      9633.81  3.06421e-15
      9635.67  2.83082e-15
      9637.54  2.60388e-15
      9639.40  2.51776e-15
      9641.26  2.55271e-15
      9643.13  2.69736e-15
      9644.99  2.91904e-15
      9646.85  3.07104e-15
      9648.72  3.12938e-15
      9650.58  3.15887e-15
      9652.44  3.11393e-15
      9654.31  3.10427e-15
      9656.17  3.17784e-15
      9658.04  3.29086e-15
      9659.90  3.39536e-15
      9661.76  3.35869e-15
      9663.62  3.19219e-15
      9665.49  3.03361e-15
      9667.35  2.92673e-15
      9669.22  3.05068e-15
      9671.08  3.28397e-15
      9672.94  3.54787e-15
      9674.81  3.84534e-15
      9676.67  3.98334e-15
      9678.53  3.90630e-15
      9680.40  3.70068e-15
      9682.26  3.62740e-15
      9684.12  3.69492e-15
      9685.99  3.79220e-15
      9687.85  3.80591e-15
      9689.71  3.67192e-15
      9691.58  3.54811e-15
      9693.44  3.41817e-15
      9695.30  3.37541e-15
      9697.17  3.52571e-15
      9699.03  3.66888e-15
      9700.89  3.85167e-15
      9702.76  3.95883e-15
      9704.62  4.02883e-15
      9706.49  4.02048e-15
      9708.35  3.88988e-15
      9710.21  3.72359e-15
      9712.07  3.57891e-15
      9713.94  3.42081e-15
      9715.80  3.44161e-15
      9717.67  3.56769e-15
      9719.53  3.53819e-15
      9721.39  3.44006e-15
      9723.26  3.25961e-15
      9725.12  3.21221e-15
      9726.98  3.37134e-15
      9728.85  3.51904e-15
      9730.71  3.67987e-15
      9732.57  3.84387e-15
      9734.44  3.89439e-15
      9736.30  3.75886e-15
      9738.16  3.75667e-15
      9740.03  3.79556e-15
      9741.89  3.84166e-15
      9743.75  3.86451e-15
      9745.62  3.80431e-15
      9747.48  3.77803e-15
      9749.34  3.66365e-15
      9751.21  3.56259e-15
      9753.07  3.42690e-15
      9754.94  3.46819e-15
      9756.80  3.57263e-15
      9758.66  3.68453e-15
      9760.53  3.79302e-15
      9762.39  3.81044e-15
      9764.25  3.88749e-15
      9766.12  4.02485e-15
      9767.98  4.20838e-15
      9769.84  4.34155e-15
      9771.71  4.47818e-15
      9773.57  4.33264e-15
      9775.43  4.22466e-15
      9777.30  4.27969e-15
      9779.16  4.24481e-15
      9781.02  4.11709e-15
      9782.89  4.10610e-15
      9784.75  4.23227e-15
      9786.61  4.47102e-15
      9788.48  4.55982e-15
      9790.34  4.59300e-15
      9792.21  4.65693e-15
      9794.07  4.64542e-15
      9795.93  4.75404e-15
      9797.79  4.74534e-15
      9799.66  4.72958e-15
      9801.52  4.61347e-15
      9803.39  4.42718e-15
      9805.25  4.35543e-15
      9807.11  4.33467e-15
      9808.98  4.31233e-15
      9810.84  4.31416e-15
      9812.70  4.18095e-15
      9814.57  3.97674e-15
      9816.43  3.94564e-15
      9818.29  4.10118e-15
      9820.16  4.19320e-15
      9822.02  4.18286e-15
      9823.88  4.18323e-15
      9825.75  4.23524e-15
      9827.61  4.27322e-15
      9829.47  4.29182e-15
      9831.34  4.21860e-15
      9833.20  4.18343e-15
      9835.06  4.15563e-15
      9836.93  4.18005e-15
      9838.79  4.28042e-15
      9840.66  4.30496e-15
      9842.52  4.22661e-15
      9844.38  4.17338e-15
      9846.25  4.16772e-15
      9848.11  4.17041e-15
      9849.97  4.14916e-15
      9851.84  4.26129e-15
      9853.70  4.42906e-15
      9855.56  4.45217e-15
      9857.43  4.48404e-15
      9859.29  4.53504e-15
      9861.15  4.63459e-15
      9863.02  4.76043e-15
      9864.88  4.83426e-15
      9866.74  4.92063e-15
      9868.61  4.91424e-15
      9870.47  4.89621e-15
      9872.33  4.93960e-15
      9874.20  5.06788e-15
      9876.06  5.08400e-15
      9877.92  5.02323e-15
      9879.79  5.05238e-15
      9881.65  5.09617e-15
      9883.51  5.14997e-15
      9885.38  5.20378e-15
      9887.24  5.23288e-15
      9889.11  5.18831e-15
      9890.97  5.04086e-15
      9892.83  4.81005e-15
      9894.70  4.51835e-15
      9896.56  4.27785e-15
      9898.42  4.16389e-15
      9900.29  4.06674e-15
      9902.15  3.90554e-15
      9904.01  3.76036e-15
      9905.88  3.70407e-15
      9907.74  3.57818e-15
      9909.60  3.48320e-15
      9911.47  3.46338e-15
      9913.33  3.35775e-15
      9915.19  3.27219e-15
      9917.06  3.37479e-15
      9918.92  3.50396e-15
      9920.78  3.51661e-15
      9922.65  3.52203e-15
      9924.51  3.58661e-15
      9926.38  3.65028e-15
      9928.24  3.62734e-15
      9930.10  3.58545e-15
      9931.97  3.63619e-15
      9933.83  3.61562e-15
      9935.69  3.65439e-15
      9937.56  3.82613e-15
      9939.42  3.94905e-15
      9941.28  4.16426e-15
      9943.15  4.17330e-15
      9945.01  3.97101e-15
      9946.87  4.04463e-15
      9948.74  4.16589e-15
      9950.60  4.14265e-15
      9952.46  4.06953e-15
      9954.33  3.94005e-15
      9956.19  3.98020e-15
      9958.05  4.20504e-15
      9959.92  4.16288e-15
      9961.78  4.30512e-15
      9963.64  4.43748e-15
      9965.51  4.57444e-15
      9967.37  4.40317e-15
      9969.24  4.22946e-15
      9971.10  4.12429e-15
      9972.96  4.17521e-15
      9974.83  4.34082e-15
      9976.69  4.44643e-15
      9978.55  4.45995e-15
      9980.42  4.44770e-15
      9982.28  4.40171e-15
      9984.14  4.26654e-15
      9986.01  4.32173e-15
      9987.87  4.44363e-15
      9989.73  4.49466e-15
      9991.60  4.48709e-15
      9993.46  4.60696e-15
      9995.32  4.63422e-15
      9997.19  4.67623e-15
      9999.05  4.83072e-15
      10031.7  5.06609e-15
      10070.3  5.15482e-15
      10109.2  5.55620e-15
      10148.1  5.74696e-15
      10187.2  6.17899e-15
      10226.4  6.42828e-15
      10265.7  6.66674e-15
      10305.2  7.13202e-15
      10344.7  7.74749e-15
      10384.4  8.02449e-15
      10424.2  8.40732e-15
      10464.2  8.57040e-15
      10504.2  8.88363e-15
      10544.4  9.16523e-15
      10584.6  9.30406e-15
      10625.0  9.47008e-15
      10665.5  9.71928e-15
      10706.1  1.00211e-14
      10746.7  1.03154e-14
      10787.5  1.03214e-14
      10828.4  1.06876e-14
      10869.4  1.05493e-14
      10910.5  9.84146e-15
      10951.6  8.64777e-15
      10992.9  7.95677e-15
      11034.2  6.89881e-15
      11075.6  6.27281e-15
      11117.1  5.61859e-15
      11158.7  5.08180e-15
      11200.4  5.48477e-15
      11242.1  5.67944e-15
      11283.9  5.33703e-15
      11325.8  4.95466e-15
      11367.7  4.63398e-15
      11409.8  4.74061e-15
      11451.8  5.10520e-15
      11494.0  4.95962e-15
      11536.2  5.19275e-15
      11578.5  5.19320e-15
      11620.8  4.62828e-15
      11663.2  4.27773e-15
      11705.6  4.43475e-15
      11748.1  4.88262e-15
      11790.7  5.31526e-15
      11833.3  6.31965e-15
      11875.9  7.00414e-15
      11918.6  7.41994e-15
      11961.3  7.91774e-15
      12004.1  8.53235e-15
      12046.9  9.31867e-15
      12089.7  9.81147e-15
      12132.6  1.01246e-14
      12175.5  1.06375e-14
      12218.4  1.13809e-14
      12261.4  1.18647e-14
      12304.3  1.19859e-14
      12347.4  1.19279e-14
      12390.4  1.18915e-14
      12433.5  1.18991e-14
      12476.5  1.20177e-14
      12519.6  1.27776e-14
      12562.7  1.32320e-14
      12605.9  1.42143e-14
      12649.0  1.44713e-14
      12692.1  1.46600e-14
      12735.3  1.45681e-14
      12778.5  1.43540e-14
      12821.6  1.42684e-14
      12864.8  1.42441e-14
      12908.0  1.39265e-14
      12951.2  1.33098e-14
      12994.4  1.31308e-14
      13037.5  1.30754e-14
      13080.7  1.24626e-14
      13123.9  1.17896e-14
      13167.1  1.13997e-14
      13210.2  1.01926e-14
      13253.4  8.38701e-15
      13296.5  5.67883e-15
      13339.6  3.49794e-15
      13382.7  1.85473e-15
      13425.8  1.28865e-15
      13468.9  8.51582e-16
      13512.0  7.63817e-16
      13555.0  9.24439e-16
      13598.0  6.09690e-16
      13641.0  1.09757e-15
      13684.0  1.08413e-15
      13726.9  1.10798e-15
      13769.9  1.17359e-15
      13812.8  1.16030e-15
      13855.6  1.26681e-15
      13898.5  1.09522e-15
      13941.3  8.88709e-16
      13984.1  9.86837e-16
      14026.8  9.70524e-16
      14069.5  1.13851e-15
      14112.2  7.22677e-16
      14154.9  8.07398e-16
      14197.5  8.28766e-16
      14240.0  7.90386e-16
      14282.6  8.06902e-16
      14325.1  1.06042e-15
      14367.5  1.01195e-15
      14409.9  1.03494e-15
      14452.3  1.27570e-15
      14494.6  1.42722e-15
      14536.9  1.65295e-15
      14579.1  1.42273e-15
      14621.3  1.94678e-15
      14663.4  1.74228e-15
      14705.5  1.80624e-15
      14747.6  1.89741e-15
      14789.6  2.20659e-15
      14831.5  2.38621e-15
      14873.4  2.26780e-15
      14915.2  2.51386e-15
      14957.0  3.02524e-15
      14998.8  3.01691e-15
      15040.4  2.91246e-15
      15082.1  3.42655e-15
      15123.7  3.44437e-15
      15165.2  3.73206e-15
      15206.6  3.90068e-15
      15248.0  4.27785e-15
      15289.4  4.63715e-15
      15330.7  4.77305e-15
      15371.9  5.24973e-15
      15413.1  5.48188e-15
      15454.2  5.98412e-15
      15495.3  6.20309e-15
      15536.3  6.77712e-15
      15577.2  6.47903e-15
      15618.1  6.81204e-15
      15658.9  7.06800e-15
      15699.7  7.32865e-15
      15740.4  7.53927e-15
      15781.0  7.83434e-15
      15821.6  7.74452e-15
      15862.1  7.41233e-15
      15902.5  7.87606e-15
      15942.9  7.60467e-15
      15983.2  7.25889e-15
      16023.5  6.46992e-15
      16063.6  5.81233e-15
      16103.8  5.20016e-15
      16143.8  4.55535e-15
      16183.8  4.39918e-15
      16223.8  3.68637e-15
      16263.6  3.43031e-15
      16303.4  3.62893e-15
      16343.2  3.54328e-15
      16382.8  3.31909e-15
      16422.5  3.53181e-15
      16462.0  3.96092e-15
      16501.5  3.90111e-15
      16540.9  4.10004e-15
      16580.2  3.98943e-15
      16619.5  3.74510e-15
      16658.7  3.31573e-15
      16697.9  2.66541e-15
      16736.9  2.70808e-15
      16776.0  2.75206e-15
      16814.9  3.29191e-15
      16853.8  3.47807e-15
      16892.6  3.39048e-15
      16931.4  3.37448e-15
      16970.1  3.21477e-15
      17008.7  3.04039e-15
      17047.2  3.13092e-15
      17085.7  2.67183e-15
      17124.2  2.93148e-15
      17162.5  2.97233e-15
      17200.8  3.23978e-15
      17239.1  2.92808e-15
      17277.2  2.96525e-15
      17315.3  2.71581e-15
      17353.4  2.61003e-15
      17391.3  2.31233e-15
      17429.3  2.20562e-15
      17467.1  2.16471e-15
      17504.9  2.15682e-15
      17542.6  2.02348e-15
      17580.3  2.11657e-15
      17617.9  2.07459e-15
      17655.4  1.77697e-15
      17692.9  1.56854e-15
      17730.3  1.31660e-15
      17767.6  1.27919e-15
      17804.9  1.37102e-15
      17842.1  1.38086e-15
      17879.3  1.05731e-15
      17916.4  1.25719e-15
      17953.4  5.32820e-16
      17990.4  1.16298e-15
      18027.3  9.13813e-16
      18064.1  7.22580e-16
      18100.9  1.04505e-15
      18137.7  1.29290e-15
      18174.4  1.36644e-15
      18211.0  1.36804e-15
      18247.5  1.47894e-15
      18284.0  1.38001e-15
      18320.5  1.41449e-15
      18356.8  1.25722e-15
      18393.2  1.09241e-15
      18429.4  1.03682e-15
      18465.7  1.09322e-15
      18501.8  7.64468e-16
      18537.9  6.45148e-16
      18573.9  7.95982e-16
      18609.9  7.97175e-16
      18645.9  9.09612e-16
      18681.7  9.51973e-16
      18717.5  1.43398e-15
      18753.3  1.17947e-15
      18789.0  1.23054e-15
      18824.7  1.37484e-15
      18860.3  1.31986e-15
      18895.8  1.40059e-15
      18931.3  1.59319e-15
      18966.7  1.57170e-15
      19002.1  1.72143e-15
      19037.4  1.67819e-15
      19072.7  1.61811e-15
      19108.0  1.91444e-15
      19143.1  2.04249e-15
      19178.2  1.96384e-15
      19213.3  1.69052e-15
      19248.3  1.40060e-15
      19283.3  1.36555e-15
      19318.2  1.19624e-15
      19353.1  1.12461e-15
      19387.9  1.01693e-15
      19422.7  1.12409e-15
      19457.4  1.17555e-15
      19492.1  1.19057e-15
      19526.7  1.11117e-15
      19561.3  1.06441e-15
      19595.8  9.97260e-16
      19630.2  1.16621e-15
      19664.7  1.00226e-15
      19699.0  1.27082e-15
      19733.4  1.09667e-15
      19767.6  1.15957e-15
      19801.9  1.28581e-15
      19836.1  1.36555e-15
      19870.2  1.32791e-15
      19904.3  1.28865e-15
      19938.3  1.47390e-15
      19972.3  1.42734e-15
      20006.3  1.36671e-15
      20040.2  1.36096e-15
      20074.0  1.60435e-15
      20107.8  1.69010e-15
      20141.6  1.63148e-15
      20175.3  1.78064e-15
      20209.0  1.83466e-15
      20242.6  1.75739e-15
      20276.2  1.94559e-15
      20309.7  1.95109e-15
      20343.2  2.14415e-15
      20376.6  2.15942e-15
      20410.0  2.19779e-15
      20443.4  2.33788e-15
      20476.7  2.44378e-15
      20510.0  2.40950e-15
      20543.2  2.54156e-15
      20576.3  2.46367e-15
      20609.5  2.38023e-15
      20642.5  2.67913e-15
      20675.6  2.67382e-15
      20708.6  2.80272e-15
      20741.5  2.61001e-15
      20774.4  2.60024e-15
      20807.2  2.61980e-15
      20840.1  2.75827e-15
      20872.8  2.72124e-15
      20905.5  2.60255e-15
      20938.2  2.63175e-15
      20970.8  2.58921e-15
      21003.4  2.64587e-15
      21036.0  2.74672e-15
      21068.4  2.53971e-15
      21100.9  2.55426e-15
      21133.3  2.63079e-15
      21165.6  2.60727e-15
      21197.9  2.55110e-15
      21230.2  2.48820e-15
      21262.4  2.51912e-15
      21294.6  2.37112e-15
      21326.7  2.43352e-15
      21358.8  2.42731e-15
      21390.8  2.29944e-15
      21422.8  2.29441e-15
      21454.8  2.16988e-15
      21486.6  2.39491e-15
      21518.5  2.07973e-15
      21550.3  2.03073e-15
      21582.0  2.00592e-15
      21613.7  1.93506e-15
      21645.4  1.81606e-15
      21677.0  1.81900e-15
      21708.6  1.65214e-15
      21740.1  1.70710e-15
      21771.5  1.54288e-15
      21803.0  1.52482e-15
      21834.3  1.48114e-15
      21865.7  1.44491e-15
      21896.9  1.12612e-15
      21928.2  1.15984e-15
      21959.3  1.07743e-15
      21990.5  8.70618e-16
      22021.5  6.82498e-16
      22052.6  6.76870e-16
      22083.5  6.24517e-16
      22114.5  6.27272e-16
      22145.3  7.10492e-16
      22176.2  6.89735e-16
      22207.0  8.10475e-16
      22237.7  7.44619e-16
      22268.4  7.01859e-16
      22299.0  7.45827e-16
      22329.6  6.24717e-16
      22360.1  6.33605e-16
      22390.6  6.11469e-16
      22421.0  4.97065e-16
      22451.4  5.04151e-16
      22481.7  5.79808e-16
      22512.0  4.23337e-16
      22542.2  5.43601e-16
      22572.4  5.13549e-16
      22602.5  5.16756e-16
      22632.5  5.11807e-16
      22662.5  4.57061e-16
      22692.5  4.28779e-16
      22722.4  4.04599e-16
      22752.3  4.40301e-16
      22782.1  3.86018e-16
      22811.8  4.36141e-16
      22841.5  4.09092e-16
      22871.2  5.23610e-16
      22900.8  2.98459e-16
      22930.3  3.78006e-16
      22959.8  3.79860e-16
      22989.3  3.05776e-16
      23018.7  3.76444e-16
      23048.0  3.73526e-16
      23077.3  4.19023e-16
      23106.5  5.36499e-16
      23135.7  4.73272e-16
      23164.8  3.79342e-16
      23193.9  3.23607e-16
      23222.9  2.78714e-16
      23251.9  2.41796e-16
      23280.9  3.30014e-16
      23309.7  3.28118e-16
      23338.6  2.32128e-16
      23367.4  2.43794e-16
      23396.1  1.97051e-16
      23424.8  2.94603e-16
      23453.4  3.74528e-16
      23482.0  2.41312e-16
      23510.5  1.80793e-16
      23539.0  2.57704e-16
      23567.5  4.27159e-16
      23595.9  2.91726e-16
      23624.2  3.54403e-16
      23652.5  3.99103e-16
      23680.8  3.58902e-16
      23709.0  3.45372e-16
      23737.2  2.03244e-16
      23765.4  3.11849e-16
      23793.5  2.00007e-16
      23821.5  2.48823e-16
      23849.5  2.63479e-16
      23877.5  2.40180e-16
      23905.5  3.55620e-16
      23933.4  4.50439e-16
      23961.2  3.84819e-16
      23989.1  4.12922e-16
      24016.9  4.17517e-16
      24044.6  4.07134e-16
      24072.4  4.20960e-16
      24100.1  4.56898e-16
      24127.8  4.87037e-16
      24155.4  6.35742e-16
      24183.0  4.15930e-16
      24210.6  3.99289e-16
      24238.2  4.53247e-16
      24265.8  4.85470e-16
      24293.3  4.68343e-16
      24320.8  5.03199e-16
      24348.3  3.93548e-16
      24375.8  4.71298e-16
      24403.3  3.89144e-16
      24430.7  5.54057e-16
      24458.2  5.56092e-16
      24485.6  5.23024e-16
      24513.1  2.92992e-16
      24540.5  4.84615e-16
      24567.9  4.27704e-16
      24595.4  4.26137e-16
      24622.8  4.93170e-16
      24650.3  3.05366e-16
      24677.7  4.30549e-16
      24705.2  1.85666e-16
      24732.7  7.10211e-16
      24760.2  5.60223e-16
      24787.7  5.18042e-16
      24815.2  7.23276e-16
      24842.8  7.50549e-16
      24870.4  5.84879e-16
      24898.0  2.99685e-16
      24925.7  5.08461e-16
      24953.4  4.16475e-16
      24981.1  4.57187e-16
      25008.9  2.73315e-16
      25036.8  5.54843e-16
      25064.6  4.24591e-16
      25092.6  6.16471e-16
      25120.6  5.04318e-16
      25148.7  8.84659e-16
      25176.8  9.57170e-16
      25205.0  8.89169e-16
      25233.3  9.00532e-16
      25261.6  7.29377e-16
      25290.1  1.02622e-15
      25318.6  1.26060e-15
      25347.3 -1.28656e-16
      25376.0  2.91640e-16
      25404.8  1.13792e-16
      25433.8  6.45620e-16
      25462.8  2.71703e-17
      25492.0 -6.57810e-16
      25521.3 -1.85732e-15
      25550.8 -7.62913e-16
      25580.3  3.05702e-16
      25610.1  1.48145e-15
      25639.9  1.71079e-15
