      6277.44  6.79810e-18
      6279.31  6.98351e-18
      6281.18  6.08806e-18
      6283.04  5.58884e-20
      6284.91  3.78131e-18
      6286.77  3.99922e-18
      6288.64  3.75026e-18
      6290.51 -3.13960e-19
      6292.37 -6.29337e-18
      6294.24  2.29990e-18
      6296.10  1.88845e-17
      6297.97  2.13299e-17
      6299.84  2.71450e-17
      6301.70 -2.32270e-18
      6303.57 -2.52507e-18
      6305.44  2.02607e-17
      6307.30  6.82977e-18
      6309.17  1.50589e-17
      6311.03  1.17973e-17
      6312.90 -3.46049e-18
      6314.77  5.57983e-18
      6316.63  1.01606e-17
      6318.50  1.44100e-17
      6320.36  9.43722e-18
      6322.23  3.44314e-18
      6324.10  1.21318e-17
      6325.96  3.18712e-18
      6327.83  2.52780e-18
      6329.69  1.64378e-17
      6331.56  1.37153e-17
      6333.43  1.53944e-17
      6335.29  7.58679e-18
      6337.16  1.31322e-17
      6339.02  4.96079e-18
      6340.89  1.98592e-18
      6342.76  5.72459e-18
      6344.62  2.40282e-18
      6346.49 -3.53381e-19
      6348.35  2.63919e-18
      6350.22  7.36843e-18
      6352.09  4.88897e-18
      6353.95 -2.51054e-18
      6355.82 -6.47151e-18
      6357.69  3.55093e-18
      6359.55  3.69478e-18
      6361.42 -9.61241e-18
      6363.28 -1.16390e-17
      6365.15 -7.84198e-18
      6367.02  2.35078e-18
      6368.88  5.77907e-18
      6370.75  6.01835e-18
      6372.61  8.28375e-18
      6374.48  1.57233e-17
      6376.35  1.34806e-17
      6378.21  1.22885e-17
      6380.08  1.23127e-17
      6381.94  4.02312e-18
      6383.81 -7.16394e-19
      6385.68  6.47290e-18
      6387.54  2.92954e-18
      6389.41  1.08371e-19
      6391.27  7.47734e-18
      6393.14 -1.89844e-18
      6395.01  5.71083e-18
      6396.87  1.14414e-18
      6398.74 -3.76576e-20
      6400.60 -2.07257e-18
      6402.47 -1.49112e-18
      6404.34  6.85439e-19
      6406.20  1.42013e-17
      6408.07  4.89542e-18
      6409.93  4.96181e-18
      6411.80  1.64009e-17
      6413.67  8.08182e-18
      6415.53 -5.94020e-18
      6417.40  5.76516e-18
      6419.27  1.06265e-17
      6421.13  7.59252e-18
      6423.00  5.50096e-19
      6424.86  8.58391e-18
      6426.73  3.06186e-18
      6428.60  7.41050e-18
      6430.46 -7.99723e-20
      6432.33 -8.63496e-19
      6434.19  1.10539e-18
      6436.06  5.51521e-18
      6437.93 -2.28537e-18
      6439.79 -1.49291e-18
      6441.66  1.32904e-17
      6443.52  5.39913e-18
      6445.39 -1.21046e-17
      6447.26 -4.59914e-18
      6449.12  8.40699e-18
      6450.99  1.10948e-17
      6452.85  1.10304e-17
      6454.72 -1.86365e-18
      6456.59 -5.45534e-18
      6458.45 -6.09828e-20
      6460.32  4.13987e-18
      6462.18  2.20038e-18
      6464.05 -3.88759e-18
      6465.92  4.34342e-18
      6467.78  4.76784e-18
      6469.65 -5.96354e-18
      6471.52 -8.53192e-18
      6473.38  3.08938e-18
      6475.25  7.69359e-18
      6477.11 -3.45798e-18
      6478.98 -2.21915e-18
      6480.85  8.44638e-18
      6482.71  1.06397e-17
      6484.58  1.30459e-17
      6486.44  7.38637e-18
      6488.31  5.87249e-18
      6490.18 -2.12029e-19
      6492.04  1.34278e-17
      6493.91  1.17872e-17
      6495.77  7.68937e-18
      6497.64  2.11882e-17
      6499.51  6.40010e-18
      6501.37  1.77017e-18
      6503.24  2.37682e-18
      6505.10  1.07716e-17
      6506.97 -3.19901e-19
      6508.84 -6.23894e-19
      6510.70  1.35435e-17
      6512.57  1.07816e-17
      6514.43  1.14114e-18
      6516.30  1.31952e-17
      6518.17  3.33335e-18
      6520.03 -3.39650e-18
      6521.90  6.14834e-18
      6523.77  1.09174e-17
      6525.63  6.27260e-18
      6527.50  2.77917e-18
      6529.36  1.34703e-17
      6531.23  7.54596e-18
      6533.10  4.78967e-18
      6534.96  1.53946e-17
      6536.83  4.82892e-18
      6538.69  7.95647e-18
      6540.56  1.52716e-17
      6542.43  9.11759e-18
      6544.29  1.25472e-17
      6546.16  6.47068e-18
      6548.02  3.81607e-18
      6549.89  1.01781e-17
      6551.76  4.39767e-18
      6553.62 -2.17385e-19
      6555.49  7.24066e-18
      6557.35  1.11561e-17
      6559.22  1.50334e-17
      6561.09  5.41968e-18
      6562.95  3.96005e-18
      6564.82 -2.86546e-18
      6566.68 -1.21156e-18
      6568.55  6.66491e-18
      6570.42  1.21050e-17
      6572.28  9.04276e-18
      6574.15  4.96170e-18
      6576.02  3.99435e-18
      6577.88 -3.17080e-20
      6579.75  7.29978e-18
      6581.61  1.55219e-17
      6583.48  6.93737e-18
      6585.35  1.09100e-17
      6587.21  1.32458e-17
      6589.08  1.02403e-17
      6590.94  2.55385e-18
      6592.81  2.16837e-18
      6594.68  1.12746e-18
      6596.54  3.35210e-18
      6598.41  1.51585e-17
      6600.27  1.55894e-17
      6602.14  1.23445e-17
      6604.01  1.51449e-17
      6605.87  1.39210e-17
      6607.74  8.63390e-18
      6609.60  1.05619e-18
      6611.47  7.97366e-18
      6613.34  1.60496e-17
      6615.20  9.22809e-18
      6617.07  5.26673e-18
      6618.93  8.95156e-18
      6620.80  9.94552e-18
      6622.67  1.18374e-17
      6624.53  1.12521e-17
      6626.40  4.19854e-18
      6628.27  7.00869e-18
      6630.13  1.43294e-17
      6632.00  1.59172e-17
      6633.86  9.39616e-18
      6635.73  5.83309e-18
      6637.60  6.55332e-18
      6639.46  1.46409e-17
      6641.33  1.29896e-17
      6643.19  7.60658e-18
      6645.06  9.59620e-18
      6646.93  1.39157e-17
      6648.79  1.55396e-17
      6650.66  1.76579e-17
      6652.52  1.01865e-17
      6654.39  1.25854e-17
      6656.26  2.00250e-17
      6658.12  1.64762e-17
      6659.99  9.59970e-18
      6661.85  1.45721e-17
      6663.72  1.03951e-17
      6665.59  1.27312e-17
      6667.45  3.77102e-18
      6669.32  1.59457e-17
      6671.18  2.08157e-17
      6673.05  2.57150e-17
      6674.92  1.57875e-17
      6676.78  7.52681e-18
      6678.65  1.37492e-17
      6680.52  1.30319e-17
      6682.38  1.08281e-17
      6684.25  1.37507e-17
      6686.11  1.56463e-17
      6687.98  9.99680e-18
      6689.85  1.99103e-17
      6691.71  1.69067e-17
      6693.58  1.53723e-17
      6695.44  1.19610e-17
      6697.31  1.72221e-17
      6699.18  1.35968e-17
      6701.04  5.68919e-18
      6702.91  1.49287e-17
      6704.77  9.86270e-18
      6706.64  6.23456e-18
      6708.51  2.10354e-17
      6710.37  2.91939e-17
      6712.24  3.02582e-17
      6714.10  2.88230e-17
      6715.97  2.79863e-17
      6717.84  1.98302e-17
      6719.70  2.13351e-17
      6721.57  2.03801e-17
      6723.43  1.72074e-17
      6725.30  1.35520e-17
      6727.17  5.15189e-18
      6729.03  1.36048e-17
      6730.90  1.98648e-17
      6732.76  1.83865e-17
      6734.63  9.12713e-18
      6736.50  6.06823e-18
      6738.36  8.22373e-18
      6740.23  2.26869e-17
      6742.10  2.76927e-17
      6743.96  2.24307e-17
      6745.83  1.96731e-17
      6747.69  1.74335e-17
      6749.56  1.65415e-17
      6751.43  1.97095e-17
      6753.29  2.67180e-17
      6755.16  1.26819e-17
      6757.02  1.53799e-17
      6758.89  1.67704e-17
      6760.76  1.31605e-17
      6762.62  8.75232e-18
      6764.49  1.41647e-17
      6766.35  1.97566e-17
      6768.22  2.72275e-17
      6770.09  2.19928e-17
      6771.95  1.15418e-17
      6773.82  1.86818e-17
      6775.68  2.61512e-17
      6777.55  1.95020e-17
      6779.42  1.29360e-17
      6781.28  6.34227e-18
      6783.15  1.15777e-17
      6785.01  1.72467e-17
      6786.88  1.83978e-17
      6788.75  1.93242e-17
      6790.61  1.74417e-17
      6792.48  2.03229e-17
      6794.35  2.04922e-17
      6796.21  2.19291e-17
      6798.08  2.24910e-17
      6799.94  2.43285e-17
      6801.81  1.71017e-17
      6803.68  1.03326e-17
      6805.54  1.75572e-17
      6807.41  1.49738e-17
      6809.27  8.67696e-18
      6811.14  1.04277e-17
      6813.01  1.91577e-17
      6814.87  1.81161e-17
      6816.74  2.14721e-17
      6818.60  2.07440e-17
      6820.47  1.34338e-17
      6822.34  2.41379e-17
      6824.20  2.75234e-17
      6826.07  2.16010e-17
      6827.93  2.70652e-17
      6829.80  2.77403e-17
      6831.67  1.87622e-17
      6833.53  2.18376e-17
      6835.40  2.57178e-17
      6837.26  1.66329e-17
      6839.13  2.75471e-17
      6841.00  3.24968e-17
      6842.86  2.53390e-17
      6844.73  1.90773e-17
      6846.60  2.90788e-17
      6848.46  2.23408e-17
      6850.33  2.03176e-17
      6852.19  2.35213e-17
      6854.06  2.28276e-17
      6855.93  2.68601e-17
      6857.79  3.19975e-17
      6859.66  2.73201e-17
      6861.52  2.36433e-17
      6863.39  3.59331e-17
      6865.26  2.52895e-17
      6867.12  2.00623e-17
      6868.99  2.20250e-17
      6870.85  1.82347e-17
      6872.72  1.58675e-17
      6874.59  1.57122e-17
      6876.45  1.49353e-17
      6878.32  1.73110e-17
      6880.18  1.52849e-17
      6882.05  1.01920e-17
      6883.92  1.83119e-17
      6885.78  2.77887e-17
      6887.65  2.64384e-17
      6889.51  1.69630e-17
      6891.38  5.01572e-18
      6893.25  1.61756e-17
      6895.11  2.96417e-17
      6896.98  2.42846e-17
      6898.85  1.70826e-17
      6900.71  1.95314e-17
      6902.58  2.37986e-17
      6904.44  1.65359e-17
      6906.31  6.47803e-18
      6908.18  1.69232e-17
      6910.04  1.47859e-17
      6911.91  1.11687e-17
      6913.77  2.54291e-17
      6915.64  2.63756e-17
      6917.51  1.94362e-17
      6919.37  1.31975e-17
      6921.24  2.45704e-17
      6923.10  2.39888e-17
      6924.97  1.32894e-17
      6926.84  1.71931e-17
      6928.70  1.82765e-17
      6930.57  1.62137e-17
      6932.43  1.80226e-17
      6934.30  2.22728e-17
      6936.17  2.45411e-17
      6938.03  1.95059e-17
      6939.90  1.45508e-17
      6941.76  1.79696e-17
      6943.63  1.44027e-17
      6945.50  1.05673e-17
      6947.36  2.08940e-17
      6949.23  3.10739e-17
      6951.10  3.09631e-17
      6952.96  1.86044e-17
      6954.83  1.51193e-17
      6956.69  1.64377e-17
      6958.56  2.24523e-17
      6960.43  2.91654e-17
      6962.29  2.66031e-17
      6964.16  2.29260e-17
      6966.02  2.00585e-17
      6967.89  1.44918e-17
      6969.76  1.17851e-17
      6971.62  1.53985e-17
      6973.49  2.11368e-17
      6975.35  2.32105e-17
      6977.22  2.11323e-17
      6979.09  1.55022e-17
      6980.95  1.27398e-17
      6982.82  2.02646e-17
      6984.68  1.64100e-17
      6986.55  2.55814e-17
      6988.42  1.85396e-17
      6990.28  1.66640e-17
      6992.15  2.31156e-17
      6994.01  1.70203e-17
      6995.88  1.09600e-17
      6997.75  1.31548e-17
      6999.61  2.21716e-17
      7001.48  2.04146e-17
      7003.35  1.86914e-17
      7005.21  2.79494e-17
      7007.08  2.78810e-17
      7008.94  2.53176e-17
      7010.81  2.60216e-17
      7012.68  1.65998e-17
      7014.54  1.89873e-17
      7016.41  2.11143e-17
      7018.27  1.79935e-17
      7020.14  1.67629e-17
      7022.01  1.93309e-17
      7023.87  2.09119e-17
      7025.74  3.16535e-17
      7027.60  3.18192e-17
      7029.47  3.34873e-17
      7031.34  3.09540e-17
      7033.20  2.33258e-17
      7035.07  1.74710e-17
      7036.93  1.04601e-17
      7038.80  1.77186e-17
      7040.67  1.87837e-17
      7042.53  2.80525e-17
      7044.40  3.11676e-17
      7046.26  3.66477e-17
      7048.13  3.11520e-17
      7050.00  1.97111e-17
      7051.86  2.06519e-17
      7053.73  2.29847e-17
      7055.59  2.40452e-17
      7057.46  2.09633e-17
      7059.33  2.34393e-17
      7061.19  2.40867e-17
      7063.06  2.30774e-17
      7064.93  2.76444e-17
      7066.79  2.66526e-17
      7068.66  2.72706e-17
      7070.52  3.58032e-17
      7072.39  2.25193e-17
      7074.26  2.24146e-17
      7076.12  2.34399e-17
      7077.99  1.87431e-17
      7079.85  2.20727e-17
      7081.72  1.83502e-17
      7083.59  2.15578e-17
      7085.45  2.83983e-17
      7087.32  2.89279e-17
      7089.18  1.81906e-17
      7091.05  1.76976e-17
      7092.92  2.26074e-17
      7094.78  2.13563e-17
      7096.65  2.31905e-17
      7098.51  2.43707e-17
      7100.38  1.84876e-17
      7102.25  2.34777e-17
      7104.11  2.99390e-17
      7105.98  2.59797e-17
      7107.84  2.46563e-17
      7109.71  2.40709e-17
      7111.58  2.73954e-17
      7113.44  3.50802e-17
      7115.31  3.27297e-17
      7117.18  2.29547e-17
      7119.04  1.97427e-17
      7120.91  2.02812e-17
      7122.77  2.62386e-17
      7124.64  3.25054e-17
      7126.51  3.00812e-17
      7128.37  2.65916e-17
      7130.24  3.02164e-17
      7132.10  3.22982e-17
      7133.97  2.06038e-17
      7135.84  2.40134e-17
      7137.70  3.33479e-17
      7139.57  3.59207e-17
      7141.43  3.32039e-17
      7143.30  3.89271e-17
      7145.17  3.18850e-17
      7147.03  2.57334e-17
      7148.90  2.88022e-17
      7150.76  2.96817e-17
      7152.63  3.36892e-17
      7154.50  3.02377e-17
      7156.36  2.42282e-17
      7158.23  1.72913e-17
      7160.09  2.50891e-17
      7161.96  2.53022e-17
      7163.83  3.06642e-17
      7165.69  3.91081e-17
      7167.56  2.55128e-17
      7169.43  2.12690e-17
      7171.29  2.37289e-17
      7173.16  2.38594e-17
      7175.02  2.31673e-17
      7176.89  3.29072e-17
      7178.76  2.67720e-17
      7180.62  1.86304e-17
      7182.49  1.56318e-17
      7184.35  1.16074e-17
      7186.22  2.58417e-17
      7188.09  3.19435e-17
      7189.95  2.03500e-17
      7191.82  2.18346e-17
      7193.68  2.49117e-17
      7195.55  2.86433e-17
      7197.42  2.78535e-17
      7199.28  2.23244e-17
      7201.15  2.52395e-17
      7203.01  3.46283e-17
      7204.88  2.28103e-17
      7206.75  1.73488e-17
      7208.61  2.02471e-17
      7210.48  2.92807e-17
      7212.35  2.50133e-17
      7214.21  2.05404e-17
      7216.08  1.81460e-17
      7217.94  2.39665e-17
      7219.81  2.38459e-17
      7221.68  2.39578e-17
      7223.54  2.08427e-17
      7225.41  1.68892e-17
      7227.27  1.59701e-17
      7229.14  1.64534e-17
      7231.01  2.00046e-17
      7232.87  2.71870e-17
      7234.74  1.61413e-17
      7236.60  1.62936e-17
      7238.47  2.42617e-17
      7240.34  3.32158e-17
      7242.20  4.53425e-17
      7244.07  2.60450e-17
      7245.93  2.70726e-17
      7247.80  1.93901e-17
      7249.67  2.53641e-17
      7251.53  1.95808e-17
      7253.40  2.05314e-17
      7255.26  2.14241e-17
      7257.13  2.25851e-17
      7259.00  2.85246e-17
      7260.86  2.84394e-17
      7262.73  3.37653e-17
      7264.59  2.68118e-17
      7266.46  1.83375e-17
      7268.33  2.13754e-17
      7270.19  2.85602e-17
      7272.06  2.38128e-17
      7273.93  2.78094e-17
      7275.79  3.07282e-17
      7277.66  3.49447e-17
      7279.52  3.05056e-17
      7281.39  1.77998e-17
      7283.26  2.25220e-17
      7285.12  3.03039e-17
      7286.99  4.01799e-17
      7288.85  3.58344e-17
      7290.72  2.96936e-17
      7292.59  2.36389e-17
      7294.45  2.69425e-17
      7296.32  2.66723e-17
      7298.18  2.36212e-17
      7300.05  3.06797e-17
      7301.92  2.80169e-17
      7303.78  2.27775e-17
      7305.65  2.25168e-17
      7307.51  2.10931e-17
      7309.38  2.77938e-17
      7311.25  3.13917e-17
      7313.11  3.06417e-17
      7314.98  3.62846e-17
      7316.84  2.36442e-17
      7318.71  1.54896e-17
      7320.58  3.03229e-17
      7322.44  2.49660e-17
      7324.31  2.39806e-17
      7326.18  2.76004e-17
      7328.04  2.55749e-17
      7329.91  3.16528e-17
      7331.77  3.09994e-17
      7333.64  2.29102e-17
      7335.51  1.99618e-17
      7337.37  1.40492e-17
      7339.24  2.00444e-17
      7341.10  2.37735e-17
      7342.97  4.09908e-18
      7344.84  1.29130e-18
      7346.70  2.30889e-17
      7348.57  2.55049e-17
      7350.43  1.82564e-17
      7352.30  1.55866e-17
      7354.17  1.69915e-17
      7356.03  2.74254e-17
      7357.90  4.52106e-17
      7359.76  4.20894e-17
      7361.63  2.77647e-17
      7363.50  2.38943e-17
      7365.36  2.50624e-17
      7367.23  2.33731e-17
      7369.09  1.87965e-17
      7370.96  1.39816e-17
      7372.83  1.94454e-17
      7374.69  2.24229e-17
      7376.56  2.50823e-17
      7378.43  2.53735e-17
      7380.29  1.91236e-17
      7382.16  2.40304e-17
      7384.02  2.51933e-17
      7385.89  2.77203e-17
      7387.76  3.01859e-17
      7389.62  2.15432e-17
      7391.49  1.31527e-17
      7393.35  2.28929e-17
      7395.22  2.56581e-17
      7397.09  2.35265e-17
      7398.95  1.07411e-17
      7400.82  1.77903e-17
      7402.68  2.27478e-17
      7404.55  1.41141e-17
      7406.42  1.85001e-17
      7408.28  1.82776e-17
      7410.15  1.70691e-17
      7412.01  1.52569e-17
      7413.88  1.42200e-17
      7415.75  7.61717e-18
      7417.61  1.89172e-17
      7419.48  2.24842e-17
      7421.34  1.57242e-17
      7423.21  2.22599e-17
      7425.08  2.50015e-17
      7426.94  1.81162e-17
      7428.81  1.97776e-17
      7430.68  1.18009e-17
      7432.54  1.57793e-17
      7434.41  1.96337e-17
      7436.27  2.69171e-17
      7438.14  2.46661e-17
      7440.01  2.51924e-17
      7441.87  2.09741e-17
      7443.74  1.79034e-17
      7445.60  2.20953e-17
      7447.47  2.19126e-17
      7449.34  2.02369e-17
      7451.20  1.72137e-17
      7453.07  2.28014e-17
      7454.93  2.05697e-17
      7456.80  1.92973e-17
      7458.67  1.43888e-17
      7460.53  1.67042e-17
      7462.40  1.44595e-17
      7464.26  1.05825e-17
      7466.13  1.33178e-17
      7468.00  1.54147e-17
      7469.86  1.82927e-17
      7471.73  2.21917e-17
      7473.59  1.70723e-17
      7475.46  1.51618e-17
      7477.33  2.24712e-17
      7479.19  1.76720e-17
      7481.06  2.66025e-18
      7482.93  9.44849e-18
      7484.79  2.56013e-17
      7486.66  2.66466e-17
      7488.52  1.73201e-17
      7490.39  1.70837e-17
      7492.26  1.22726e-17
      7494.12  3.46726e-18
      7495.99  1.09015e-17
      7497.85  8.74870e-18
      7499.72  1.85571e-17
      7501.59  1.74855e-17
      7503.45  1.41187e-17
      7505.32  1.68751e-17
      7507.18  2.43288e-17
      7509.05  2.12604e-17
      7510.92  2.01103e-17
      7512.78  1.74853e-17
      7514.65  1.88016e-17
      7516.51  2.37657e-17
      7518.38  1.49372e-17
      7520.25  2.02326e-17
      7522.11  1.39113e-17
      7523.98  5.50695e-18
      7525.84  7.62162e-18
      7527.71  1.41593e-17
      7529.58  1.68329e-17
      7531.44  6.09066e-18
      7533.31 -3.09562e-18
      7535.18  1.04816e-17
      7537.04  1.05411e-17
      7538.91  8.45151e-18
      7540.77  9.14104e-18
      7542.64  1.22464e-17
      7544.51  5.68177e-18
      7546.37  1.54178e-17
      7548.24  1.48175e-17
      7550.10  1.92928e-17
      7551.97  1.94544e-17
      7553.84  2.38158e-17
      7555.70  2.16720e-17
      7557.57  6.32504e-18
      7559.43  8.40386e-18
      7561.30  1.48655e-17
      7563.17  1.01490e-17
      7565.03  1.03706e-17
      7566.90  8.82972e-18
      7568.76  2.29069e-17
      7570.63  2.25109e-17
      7572.50  2.42131e-17
      7574.36  1.64451e-17
      7576.23  7.70347e-18
      7578.09  8.71756e-18
      7579.96  6.50129e-18
      7581.83  1.24295e-17
      7583.69  9.10259e-18
      7585.56  3.32508e-18
      7587.42  7.41623e-18
      7589.29  7.53838e-18
      7591.16  2.24126e-18
      7593.02  1.68137e-18
      7594.89 -4.12295e-18
      7596.76 -3.22256e-18
      7598.62  6.61243e-18
      7600.49 -9.07635e-18
      7602.35 -1.90213e-17
      7604.22 -2.24115e-18
      7606.09  8.73373e-18
      7607.95  3.85339e-18
      7609.82 -1.40838e-17
      7611.68 -8.21717e-18
      7613.55  3.89675e-18
      7615.42  1.10827e-17
      7617.28  2.31377e-17
      7619.15  2.83298e-17
      7621.01  1.03533e-17
      7622.88  2.29457e-18
      7624.75  8.62135e-18
      7626.61  2.44758e-17
      7628.48  1.85562e-17
      7630.34 -5.12188e-18
      7632.21  9.65727e-18
      7634.08  2.05247e-17
      7635.94  1.97134e-17
      7637.81  9.71880e-18
      7639.67  4.80630e-18
      7641.54  1.48130e-18
      7643.41  1.19008e-17
      7645.27 -1.94674e-18
      7647.14 -2.96243e-18
      7649.01  5.12339e-18
      7650.87  1.22247e-18
      7652.74 -1.15595e-18
      7654.60 -6.57499e-18
      7656.47 -1.97841e-18
      7658.34 -4.20476e-18
      7660.20  8.16092e-18
      7662.07  2.74402e-18
      7663.93 -1.44371e-18
      7665.80  7.33774e-18
      7667.67  7.06826e-18
      7669.53  7.98739e-19
      7671.40  5.30801e-18
      7673.26 -1.07549e-19
      7675.13  2.45297e-18
      7677.00  3.75531e-18
      7678.86  4.09083e-18
      7680.73  4.02104e-18
      7682.59  3.54986e-18
      7684.46  3.16919e-19
      7686.33  3.78074e-19
      7688.19  7.00949e-18
      7690.06  1.79104e-17
      7691.92  3.48483e-18
      7693.79 -2.11634e-18
      7695.66  3.78549e-18
      7697.52 -2.53645e-18
      7699.39 -2.75101e-18
      7701.26 -4.88856e-18
      7703.12 -8.58768e-18
      7704.99  4.93610e-18
      7706.85  1.03692e-17
      7708.72  1.57076e-17
      7710.59  2.51658e-17
      7712.45  7.52190e-18
      7714.32  2.38512e-17
      7716.18  2.48104e-17
      7718.05  1.87609e-18
      7719.92  1.02977e-18
      7721.78 -5.81877e-19
      7723.65 -6.08610e-18
      7725.51 -4.59721e-18
      7727.38  4.41113e-18
      7729.25  9.66488e-18
      7731.11  2.36293e-18
      7732.98  7.51557e-18
      7734.84  9.63842e-18
      7736.71  7.23388e-18
      7738.58  1.66132e-18
      7740.44  2.25900e-18
      7742.31  1.26229e-17
      7744.17  2.08053e-17
      7746.04  1.75832e-17
      7747.91  1.51582e-17
      7749.77  7.69819e-18
      7751.64  1.00209e-17
      7753.51  2.29692e-17
      7755.37  1.05084e-17
      7757.24  1.70295e-17
      7759.10  1.63061e-17
      7760.97  3.53714e-18
      7762.84  1.55516e-17
      7764.70  8.62844e-18
      7766.57  1.27916e-18
      7768.43  7.55674e-18
      7770.30  1.93294e-17
      7772.17  1.77456e-17
      7774.03  1.35893e-17
      7775.90  1.74139e-17
      7777.76  3.22165e-17
      7779.63  3.15789e-17
      7781.50  1.34188e-17
      7783.36  7.03022e-18
      7785.23  8.26098e-18
      7787.09  1.57899e-17
      7788.96  1.62900e-17
      7790.83  1.88370e-17
      7792.69  2.88354e-17
      7794.56  1.52312e-17
      7796.42  3.74354e-18
      7798.29  1.28999e-18
      7800.16  2.74090e-18
      7802.02  5.63472e-18
      7803.89  1.16968e-17
      7805.76  1.26292e-17
      7807.62  1.60318e-17
      7809.49  7.52937e-18
      7811.35  1.86846e-17
      7813.22  2.50513e-17
      7815.09  2.71400e-17
      7816.95  2.58382e-17
      7818.82  3.32158e-17
      7820.68  1.83010e-17
      7822.55  4.58703e-18
      7824.42  1.04714e-17
      7826.28  1.55773e-17
      7828.15  2.35190e-17
      7830.01  2.63999e-17
      7831.88  3.02222e-17
      7833.75  2.39617e-17
      7835.61  2.64465e-17
      7837.48  3.69408e-17
      7839.34  3.78666e-17
      7841.21  3.26432e-17
      7843.08  3.61299e-17
      7844.94  3.78678e-17
      7846.81  3.88137e-17
      7848.67  2.47718e-17
      7850.54  1.37498e-17
      7852.41  2.28350e-17
      7854.27  4.16129e-17
      7856.14  4.28611e-17
      7858.01  2.95398e-17
      7859.87  1.54893e-17
      7861.74  2.55821e-17
      7863.60  3.07910e-17
      7865.47  2.91797e-17
      7867.34  3.60735e-17
      7869.20  3.48552e-17
      7871.07  4.20849e-17
      7872.93  4.62964e-17
      7874.80  3.61957e-17
      7876.67  2.67565e-17
      7878.53  3.36480e-17
      7880.40  4.57542e-17
      7882.26  3.70153e-17
      7884.13  3.43807e-17
      7886.00  4.09558e-17
      7887.86  4.41648e-17
      7889.73  4.23281e-17
      7891.59  4.47427e-17
      7893.46  3.57913e-17
      7895.33  3.23558e-17
      7897.19  4.15507e-17
      7899.06  3.54922e-17
      7900.92  2.98431e-17
      7902.79  3.77976e-17
      7904.66  4.14304e-17
      7906.52  4.30021e-17
      7908.39  3.81811e-17
      7910.25  6.14073e-17
      7912.12  7.22509e-17
      7913.99  7.22215e-17
      7915.85  6.88368e-17
      7917.72  4.51111e-17
      7919.59  3.30421e-17
      7921.45  4.59156e-17
      7923.32  5.80218e-17
      7925.18  5.07921e-17
      7927.05  4.44751e-17
      7928.92  3.05344e-17
      7930.78  2.35826e-17
      7932.65  3.75627e-17
      7934.51  4.12608e-17
      7936.38  4.25320e-17
      7938.25  4.14764e-17
      7940.11  3.37795e-17
      7941.98  2.73135e-17
      7943.84  1.84201e-17
      7945.71  1.92167e-17
      7947.58  4.21184e-17
      7949.44  4.49131e-17
      7951.31  4.08807e-17
      7953.17  5.04532e-17
      7955.04  4.70051e-17
      7956.91  4.95755e-17
      7958.77  5.56916e-17
      7960.64  5.76501e-17
      7962.50  6.87984e-17
      7964.37  6.07943e-17
      7966.24  5.66816e-17
      7968.10  5.08509e-17
      7969.97  5.45757e-17
      7971.84  6.57021e-17
      7973.70  6.12195e-17
      7975.57  4.63981e-17
      7977.43  4.98040e-17
      7979.30  5.62895e-17
      7981.17  5.84094e-17
      7983.03  5.65063e-17
      7984.90  6.04746e-17
      7986.76  7.00704e-17
      7988.63  6.72764e-17
      7990.50  6.34563e-17
      7992.36  5.16686e-17
      7994.23  6.67520e-17
      7996.09  7.15331e-17
      7997.96  5.84595e-17
      7999.83  6.86385e-17
      8001.69  7.64922e-17
      8003.56  7.60978e-17
      8005.42  7.60266e-17
      8007.29  7.22445e-17
      8009.16  7.07633e-17
      8011.02  7.41593e-17
      8012.89  7.72194e-17
      8014.75  7.83742e-17
      8016.62  6.91855e-17
      8018.49  7.03780e-17
      8020.35  8.58094e-17
      8022.22  8.73856e-17
      8024.09  8.17181e-17
      8025.95  9.00253e-17
      8027.82  9.15699e-17
      8029.68  7.25499e-17
      8031.55  7.08666e-17
      8033.42  7.84556e-17
      8035.28  7.14343e-17
      8037.15  7.50396e-17
      8039.01  8.34640e-17
      8040.88  7.68104e-17
      8042.75  7.81155e-17
      8044.61  9.04962e-17
      8046.48  9.48698e-17
      8048.34  9.41218e-17
      8050.21  9.67548e-17
      8052.08  8.92257e-17
      8053.94  8.24148e-17
      8055.81  9.23609e-17
      8057.67  1.00135e-16
      8059.54  8.82644e-17
      8061.41  7.59270e-17
      8063.27  9.05577e-17
      8065.14  9.99073e-17
      8067.00  9.22949e-17
      8068.87  9.01256e-17
      8070.74  9.58164e-17
      8072.60  9.39175e-17
      8074.47  9.53648e-17
      8076.34  9.74334e-17
      8078.20  9.63646e-17
      8080.07  9.90858e-17
      8081.93  1.03180e-16
      8083.80  1.02688e-16
      8085.67  1.09440e-16
      8087.53  1.08825e-16
      8089.40  1.02503e-16
      8091.26  1.03025e-16
      8093.13  1.06445e-16
      8095.00  1.11364e-16
      8096.86  1.01812e-16
      8098.73  9.08875e-17
      8100.59  9.16683e-17
      8102.46  9.87653e-17
      8104.33  1.03857e-16
      8106.19  1.19594e-16
      8108.06  1.27371e-16
      8109.92  1.26016e-16
      8111.79  1.29288e-16
      8113.66  1.22402e-16
      8115.52  1.15729e-16
      8117.39  1.19666e-16
      8119.25  1.17722e-16
      8121.12  1.07406e-16
      8122.99  1.06459e-16
      8124.85  1.09219e-16
      8126.72  1.14872e-16
      8128.59  1.17649e-16
      8130.45  1.20380e-16
      8132.32  1.19029e-16
      8134.18  1.23489e-16
      8136.05  1.19152e-16
      8137.92  1.30596e-16
      8139.78  1.33759e-16
      8141.65  1.30027e-16
      8143.51  1.15144e-16
      8145.38  1.22010e-16
      8147.25  1.22218e-16
      8149.11  1.28010e-16
      8150.98  1.37269e-16
      8152.84  1.45220e-16
      8154.71  1.38091e-16
      8156.58  1.39800e-16
      8158.44  1.44705e-16
      8160.31  1.40194e-16
      8162.17  1.35629e-16
      8164.04  1.37420e-16
      8165.91  1.55632e-16
      8167.77  1.55814e-16
      8169.64  1.50112e-16
      8171.50  1.39890e-16
      8173.37  1.36315e-16
      8175.24  1.34693e-16
      8177.10  1.55142e-16
      8178.97  1.62286e-16
      8180.84  1.56971e-16
      8182.70  1.52632e-16
      8184.57  1.62371e-16
      8186.43  1.66493e-16
      8188.30  1.52040e-16
      8190.17  1.58892e-16
      8192.03  1.73158e-16
      8193.90  1.79451e-16
      8195.76  1.70790e-16
      8197.63  1.56178e-16
      8199.50  1.73155e-16
      8201.36  1.78612e-16
      8203.23  1.67858e-16
      8205.09  1.69850e-16
      8206.96  1.80612e-16
      8208.83  1.75979e-16
      8210.69  1.79886e-16
      8212.56  1.77662e-16
      8214.42  1.70351e-16
      8216.29  1.67209e-16
      8218.16  1.65510e-16
      8220.02  1.76449e-16
      8221.89  1.74322e-16
      8223.75  1.67106e-16
      8225.62  1.53859e-16
      8227.49  1.59109e-16
      8229.35  1.78655e-16
      8231.22  1.81499e-16
      8233.08  1.88510e-16
      8234.95  1.76244e-16
      8236.82  1.75120e-16
      8238.68  1.84773e-16
      8240.55  1.96834e-16
      8242.42  2.10451e-16
      8244.28  1.99116e-16
      8246.15  1.75103e-16
      8248.01  1.91681e-16
      8249.88  2.08276e-16
      8251.75  2.00449e-16
      8253.61  1.95769e-16
      8255.48  1.92075e-16
      8257.34  1.95600e-16
      8259.21  1.90250e-16
      8261.08  1.87586e-16
      8262.94  1.96184e-16
      8264.81  1.99085e-16
      8266.67  1.92675e-16
      8268.54  2.08014e-16
      8270.41  2.17723e-16
      8272.27  2.10713e-16
      8274.14  2.02703e-16
      8276.00  2.04649e-16
      8277.87  2.12636e-16
      8279.74  2.11055e-16
      8281.60  2.13551e-16
      8283.47  2.16915e-16
      8285.33  2.34811e-16
      8287.20  2.43680e-16
      8289.07  2.37993e-16
      8290.93  2.26064e-16
      8292.80  2.16312e-16
      8294.67  2.12566e-16
      8296.53  2.37331e-16
      8298.40  2.38560e-16
      8300.26  2.22036e-16
      8302.13  2.25139e-16
      8304.00  2.24918e-16
      8305.86  2.27319e-16
      8307.73  2.33302e-16
      8309.59  2.42938e-16
      8311.46  2.38514e-16
      8313.33  2.25120e-16
      8315.19  2.31540e-16
      8317.06  2.42755e-16
      8318.92  2.42675e-16
      8320.79  2.45827e-16
      8322.66  2.51717e-16
      8324.52  2.48762e-16
      8326.39  2.46925e-16
      8328.25  2.49685e-16
      8330.12  2.52978e-16
      8331.99  2.56866e-16
      8333.85  2.59287e-16
      8335.72  2.55850e-16
      8337.58  2.52355e-16
      8339.45  2.64069e-16
      8341.32  2.91197e-16
      8343.18  2.90420e-16
      8345.05  2.59846e-16
      8346.92  2.45246e-16
      8348.78  2.39895e-16
      8350.65  2.34314e-16
      8352.51  2.43341e-16
      8354.38  2.61272e-16
      8356.25  2.61867e-16
      8358.11  2.63174e-16
      8359.98  2.62405e-16
      8361.84  2.70888e-16
      8363.71  2.90659e-16
      8365.58  2.93665e-16
      8367.44  2.89361e-16
      8369.31  2.68813e-16
      8371.17  2.59883e-16
      8373.04  2.79467e-16
      8374.91  2.87147e-16
      8376.77  2.99693e-16
      8378.64  2.92666e-16
      8380.50  2.90178e-16
      8382.37  3.06008e-16
      8384.24  3.05484e-16
      8386.10  3.02588e-16
      8387.97  2.96169e-16
      8389.83  3.05145e-16
      8391.70  3.06409e-16
      8393.57  3.08457e-16
      8395.43  3.27959e-16
      8397.30  3.32482e-16
      8399.17  3.35269e-16
      8401.03  3.34637e-16
      8402.90  3.08272e-16
      8404.76  3.15013e-16
      8406.63  3.11084e-16
      8408.50  3.05831e-16
      8410.36  3.26479e-16
      8412.23  3.16590e-16
      8414.09  3.10791e-16
      8415.96  3.14883e-16
      8417.83  3.11547e-16
      8419.69  3.28009e-16
      8421.56  3.33482e-16
      8423.42  3.49061e-16
      8425.29  3.57169e-16
      8427.16  3.44603e-16
      8429.02  3.01540e-16
      8430.89  3.33012e-16
      8432.75  3.56846e-16
      8434.62  3.58865e-16
      8436.49  3.48820e-16
      8438.35  3.54790e-16
      8440.22  3.56702e-16
      8442.08  3.55073e-16
      8443.95  3.69900e-16
      8445.82  3.59371e-16
      8447.68  3.61500e-16
      8449.55  3.64487e-16
      8451.42  3.81524e-16
      8453.28  3.80340e-16
      8455.15  3.73676e-16
      8457.01  3.71574e-16
      8458.88  3.63653e-16
      8460.75  3.61230e-16
      8462.61  3.71042e-16
      8464.48  3.92446e-16
      8466.34  3.74429e-16
      8468.21  3.80280e-16
      8470.08  3.89083e-16
      8471.94  3.89754e-16
      8473.81  3.91605e-16
      8475.67  3.94836e-16
      8477.54  3.98659e-16
      8479.41  4.01034e-16
      8481.27  4.06225e-16
      8483.14  4.11341e-16
      8485.00  4.04736e-16
      8486.87  4.04547e-16
      8488.74  4.19654e-16
      8490.60  4.33678e-16
      8492.47  4.16306e-16
      8494.33  4.22263e-16
      8496.20  4.19601e-16
      8498.07  4.23895e-16
      8499.93  4.46564e-16
      8501.80  4.29056e-16
      8503.67  4.23183e-16
      8505.53  4.21659e-16
      8507.40  4.23571e-16
      8509.26  4.14983e-16
      8511.13  3.91273e-16
      8513.00  3.57673e-16
      8514.86  2.99535e-16
      8516.73  2.35219e-16
      8518.59  1.90721e-16
      8520.46  2.17354e-16
      8522.33  2.77212e-16
      8524.19  3.46948e-16
      8526.06  4.03171e-16
      8527.92  4.29512e-16
      8529.79  4.42017e-16
      8531.66  4.47107e-16
      8533.52  4.68347e-16
      8535.39  4.71457e-16
      8537.25  4.57686e-16
      8539.12  4.62888e-16
      8540.99  4.65501e-16
      8542.85  4.77889e-16
      8544.72  4.92958e-16
      8546.58  4.89508e-16
      8548.45  4.88336e-16
      8550.32  4.85338e-16
      8552.18  4.95472e-16
      8554.05  5.00068e-16
      8555.91  4.88042e-16
      8557.78  5.01632e-16
      8559.65  5.24546e-16
      8561.51  5.27857e-16
      8563.38  5.17289e-16
      8565.25  5.13074e-16
      8567.11  5.14194e-16
      8568.98  5.20596e-16
      8570.84  5.11321e-16
      8572.71  5.15001e-16
      8574.58  5.35434e-16
      8576.44  5.31879e-16
      8578.31  5.21350e-16
      8580.17  5.26786e-16
      8582.04  5.39110e-16
      8583.91  5.44369e-16
      8585.77  5.30258e-16
      8587.64  5.35642e-16
      8589.50  5.46970e-16
      8591.37  5.57587e-16
      8593.24  5.46642e-16
      8595.10  5.42322e-16
      8596.97  5.48889e-16
      8598.83  5.38703e-16
      8600.70  5.38073e-16
      8602.57  5.57847e-16
      8604.43  5.50624e-16
      8606.30  5.68030e-16
      8608.16  5.81330e-16
      8610.03  5.83965e-16
      8611.90  5.81119e-16
      8613.76  5.71875e-16
      8615.63  5.64565e-16
      8617.50  5.66156e-16
      8619.36  5.76305e-16
      8621.23  5.95023e-16
      8623.09  5.85477e-16
      8624.96  5.73843e-16
      8626.83  5.87747e-16
      8628.69  6.05070e-16
      8630.56  6.12493e-16
      8632.42  6.24534e-16
      8634.29  6.38336e-16
      8636.16  6.22687e-16
      8638.02  6.05507e-16
      8639.89  6.08470e-16
      8641.75  6.07332e-16
      8643.62  5.99558e-16
      8645.49  6.13975e-16
      8647.35  6.15939e-16
      8649.22  6.31901e-16
      8651.08  6.36172e-16
      8652.95  6.19403e-16
      8654.82  6.21907e-16
      8656.68  6.26020e-16
      8658.55  6.40757e-16
      8660.41  6.28972e-16
      8662.28  6.52018e-16
      8664.15  6.56564e-16
      8666.01  6.40365e-16
      8667.88  6.31418e-16
      8669.75  6.62008e-16
      8671.61  6.78592e-16
      8673.48  6.54174e-16
      8675.34  6.66577e-16
      8677.21  6.57220e-16
      8679.08  6.57213e-16
      8680.94  6.65526e-16
      8682.81  6.66792e-16
      8684.67  6.69774e-16
      8686.54  6.79573e-16
      8688.41  6.63761e-16
      8690.27  6.60960e-16
      8692.14  6.68425e-16
      8694.00  6.80018e-16
      8695.87  6.99297e-16
      8697.74  7.08628e-16
      8699.60  7.04982e-16
      8701.47  7.06287e-16
      8703.33  7.00926e-16
      8705.20  6.89597e-16
      8707.07  6.87064e-16
      8708.93  6.87026e-16
      8710.80  7.00308e-16
      8712.66  7.01295e-16
      8714.53  7.05714e-16
      8716.40  7.04651e-16
      8718.26  6.87460e-16
      8720.13  6.98298e-16
      8722.00  7.12168e-16
      8723.86  7.18713e-16
      8725.73  7.38720e-16
      8727.59  7.62400e-16
      8729.46  7.74554e-16
      8731.33  7.54094e-16
      8733.19  7.38324e-16
      8735.06  7.39523e-16
      8736.92  7.34287e-16
      8738.79  7.36990e-16
      8740.66  7.59696e-16
      8742.52  7.77581e-16
      8744.39  7.56013e-16
      8746.25  7.37763e-16
      8748.12  7.46091e-16
      8749.99  7.71316e-16
      8751.85  7.93155e-16
      8753.72  7.82211e-16
      8755.58  7.74494e-16
      8757.45  7.87583e-16
      8759.32  7.86716e-16
      8761.18  7.63553e-16
      8763.05  7.45374e-16
      8764.91  7.65559e-16
      8766.78  7.77363e-16
      8768.65  7.85951e-16
      8770.51  7.95466e-16
      8772.38  7.98094e-16
      8774.25  8.12552e-16
      8776.11  8.42414e-16
      8777.98  8.69664e-16
      8779.84  8.29080e-16
      8781.71  8.13483e-16
      8783.58  8.17227e-16
      8785.44  8.30573e-16
      8787.31  8.26637e-16
      8789.17  8.16111e-16
      8791.04  8.21068e-16
      8792.91  8.32073e-16
      8794.77  8.36978e-16
      8796.64  8.34026e-16
      8798.50  8.56110e-16
      8800.37  8.34867e-16
      8802.24  8.31726e-16
      8804.10  8.32846e-16
      8805.97  8.41381e-16
      8807.83  8.66576e-16
      8809.70  8.75575e-16
      8811.57  8.74749e-16
      8813.43  8.65181e-16
      8815.30  8.73882e-16
      8817.16  8.85109e-16
      8819.03  8.79805e-16
      8820.90  8.84385e-16
      8822.76  9.25007e-16
      8824.63  9.09562e-16
      8826.50  8.51617e-16
      8828.36  8.88604e-16
      8830.23  9.10557e-16
      8832.09  9.36102e-16
      8833.96  9.32691e-16
      8835.83  9.28084e-16
      8837.69  9.22741e-16
      8839.56  9.31160e-16
      8841.42  9.27047e-16
      8843.29  9.47488e-16
      8845.16  9.24129e-16
      8847.02  9.59473e-16
      8848.89  9.49689e-16
      8850.75  9.46376e-16
      8852.62  9.70519e-16
      8854.49  9.59276e-16
      8856.35  9.50741e-16
      8858.22  9.69222e-16
      8860.09  9.58771e-16
      8861.95  9.64057e-16
      8863.82  9.46771e-16
      8865.68  9.47344e-16
      8867.55  9.62828e-16
      8869.41  9.65614e-16
      8871.28  9.67620e-16
      8873.15  9.89610e-16
      8875.01  9.82813e-16
      8876.88  9.80611e-16
      8878.74  9.84720e-16
      8880.61  9.88792e-16
      8882.48  1.01737e-15
      8884.34  9.96901e-16
      8886.21  9.73316e-16
      8888.08  9.83819e-16
      8889.94  9.93327e-16
      8891.81  1.00860e-15
      8893.67  1.01945e-15
      8895.54  1.00485e-15
      8897.41  1.01571e-15
      8899.27  1.03897e-15
      8901.14  1.04285e-15
      8903.00  1.02009e-15
      8904.87  9.95849e-16
      8906.74  1.00892e-15
      8908.60  1.02161e-15
      8910.47  9.99642e-16
      8912.34  9.94665e-16
      8914.20  1.00347e-15
      8916.07  1.00397e-15
      8917.93  9.96671e-16
      8919.80  1.01224e-15
      8921.66  1.01645e-15
      8923.53  9.71902e-16
      8925.40  9.51476e-16
      8927.26  9.61584e-16
      8929.13  9.70911e-16
      8930.99  9.47424e-16
      8932.86  9.34459e-16
      8934.73  8.78041e-16
      8936.59  7.56990e-16
      8938.46  6.00327e-16
      8940.33  4.68057e-16
      8942.19  4.77523e-16
      8944.06  6.07079e-16
      8945.92  7.79131e-16
      8947.79  8.93980e-16
      8949.66  9.45610e-16
      8951.52  9.89342e-16
      8953.39  1.03920e-15
      8955.25  1.09131e-15
      8957.12  1.09729e-15
      8958.99  1.05941e-15
      8960.85  1.07125e-15
      8962.72  1.08089e-15
      8964.59  1.09943e-15
      8966.45  1.11335e-15
      8968.32  1.11147e-15
      8970.18  1.13554e-15
      8972.05  1.15505e-15
      8973.91  1.14291e-15
      8975.78  1.15082e-15
      8977.65  1.18056e-15
      8979.51  1.17416e-15
      8981.38  1.14259e-15
      8983.24  1.14696e-15
      8985.11  1.13677e-15
      8986.98  1.11123e-15
      8988.84  1.12507e-15
      8990.71  1.17141e-15
      8992.58  1.20855e-15
      8994.44  1.23572e-15
      8996.31  1.24220e-15
      8998.17  1.23157e-15
      9000.04  1.24002e-15
      9001.91  1.22143e-15
      9003.77  1.22092e-15
      9005.64  1.25897e-15
      9007.50  1.31026e-15
      9009.37  1.32511e-15
      9011.24  1.30647e-15
      9013.10  1.29976e-15
      9014.97  1.32170e-15
      9016.84  1.32566e-15
      9018.70  1.31663e-15
      9020.57  1.31268e-15
      9022.43  1.31418e-15
      9024.30  1.28650e-15
      9026.17  1.30550e-15
      9028.03  1.31815e-15
      9029.90  1.33161e-15
      9031.76  1.34374e-15
      9033.63  1.31542e-15
      9035.49  1.32300e-15
      9037.36  1.36101e-15
      9039.23  1.34783e-15
      9041.09  1.38171e-15
      9042.96  1.37145e-15
      9044.83  1.37957e-15
      9046.69  1.41704e-15
      9048.56  1.42018e-15
      9050.42  1.42181e-15
      9052.29  1.38102e-15
      9054.16  1.37860e-15
      9056.02  1.42002e-15
      9057.89  1.42734e-15
      9059.75  1.42174e-15
      9061.62  1.36781e-15
      9063.49  1.36951e-15
      9065.35  1.40022e-15
      9067.22  1.41131e-15
      9069.08  1.40747e-15
      9070.95  1.39881e-15
      9072.82  1.39703e-15
      9074.68  1.42388e-15
      9076.55  1.44309e-15
      9078.42  1.42484e-15
      9080.28  1.43064e-15
      9082.15  1.45158e-15
      9084.01  1.45862e-15
      9085.88  1.46004e-15
      9087.74  1.48054e-15
      9089.61  1.50307e-15
      9091.48  1.49729e-15
      9093.34  1.51289e-15
      9095.21  1.53473e-15
      9097.08  1.53353e-15
      9098.94  1.52129e-15
      9100.81  1.50637e-15
      9102.67  1.48002e-15
      9104.54  1.45048e-15
      9106.41  1.47216e-15
      9108.27  1.53629e-15
      9110.14  1.57759e-15
      9112.00  1.58352e-15
      9113.87  1.57650e-15
      9115.74  1.57183e-15
      9117.60  1.56419e-15
      9119.47  1.54818e-15
      9121.33  1.55801e-15
      9123.20  1.51292e-15
      9125.07  1.49510e-15
      9126.93  1.48181e-15
      9128.80  1.46643e-15
      9130.67  1.50192e-15
      9132.53  1.54926e-15
      9134.40  1.53532e-15
      9136.26  1.52456e-15
      9138.13  1.57090e-15
      9139.99  1.59280e-15
      9141.86  1.58354e-15
      9143.73  1.65612e-15
      9145.59  1.66231e-15
      9147.46  1.61646e-15
      9149.33  1.54732e-15
      9151.19  1.54881e-15
      9153.06  1.56086e-15
      9154.92  1.55526e-15
      9156.79  1.57898e-15
      9158.66  1.63502e-15
      9160.52  1.66169e-15
      9162.39  1.64431e-15
      9164.25  1.62500e-15
      9166.12  1.62318e-15
      9167.99  1.60590e-15
      9169.85  1.57357e-15
      9171.72  1.57098e-15
      9173.58  1.57563e-15
      9175.45  1.60621e-15
      9177.32  1.66324e-15
      9179.18  1.66646e-15
      9181.05  1.70675e-15
      9182.92  1.67049e-15
      9184.78  1.65384e-15
      9186.65  1.70039e-15
      9188.51  1.77252e-15
      9190.38  1.70996e-15
      9192.25  1.66384e-15
      9194.11  1.65837e-15
      9195.98  1.72845e-15
      9197.84  1.81081e-15
      9199.71  1.82632e-15
      9201.57  1.83503e-15
      9203.44  1.83960e-15
      9205.31  1.83165e-15
      9207.17  1.85484e-15
      9209.04  1.88651e-15
      9210.91  1.92294e-15
      9212.77  1.88946e-15
      9214.64  1.84891e-15
      9216.50  1.84764e-15
      9218.37  1.86142e-15
      9220.24  1.89518e-15
      9222.10  1.94638e-15
      9223.97  1.95911e-15
      9225.83  1.97592e-15
      9227.70  1.94276e-15
      9229.57  1.90911e-15
      9231.43  1.89882e-15
      9233.30  1.87950e-15
      9235.17  1.85277e-15
      9237.03  1.87402e-15
      9238.90  1.88643e-15
      9240.76  1.91962e-15
      9242.63  1.90203e-15
      9244.50  1.80649e-15
      9246.36  1.78862e-15
      9248.23  1.83457e-15
      9250.09  1.88305e-15
      9251.96  1.96175e-15
      9253.82  1.96293e-15
      9255.69  1.88439e-15
      9257.56  1.79439e-15
      9259.42  1.71874e-15
      9261.29  1.67003e-15
      9263.16  1.64074e-15
      9265.02  1.60726e-15
      9266.89  1.55949e-15
      9268.75  1.47399e-15
      9270.62  1.29663e-15
      9272.49  1.14858e-15
      9274.35  1.03984e-15
      9276.22  9.30232e-16
      9278.08  8.96570e-16
      9279.95  9.28415e-16
      9281.82  9.50500e-16
      9283.68  9.54692e-16
      9285.55  9.85810e-16
      9287.42  1.04798e-15
      9289.28  1.11726e-15
      9291.15  1.13463e-15
      9293.01  1.15404e-15
      9294.88  1.14689e-15
      9296.75  1.16137e-15
      9298.61  1.15771e-15
      9300.48  1.15709e-15
      9302.34  1.20880e-15
      9304.21  1.20458e-15
      9306.07  1.23284e-15
      9307.94  1.31656e-15
      9309.81  1.37784e-15
      9311.67  1.37763e-15
      9313.54  1.22897e-15
      9315.41  1.09998e-15
      9317.27  1.14027e-15
      9319.14  1.22951e-15
      9321.00  1.24473e-15
      9322.87  1.25007e-15
      9324.74  1.26687e-15
      9326.60  1.35377e-15
      9328.47  1.40849e-15
      9330.33  1.33947e-15
      9332.20  1.19967e-15
      9334.07  1.14842e-15
      9335.93  1.19971e-15
      9337.80  1.28016e-15
      9339.67  1.26237e-15
      9341.53  1.23600e-15
      9343.40  1.31092e-15
      9345.26  1.47030e-15
      9347.13  1.54368e-15
      9349.00  1.52557e-15
      9350.86  1.44420e-15
      9352.73  1.36518e-15
      9354.59  1.39512e-15
      9356.46  1.46777e-15
      9358.33  1.53702e-15
      9360.19  1.58636e-15
      9362.06  1.66052e-15
      9363.92  1.67292e-15
      9365.79  1.70174e-15
      9367.66  1.71283e-15
      9369.52  1.64944e-15
      9371.39  1.65537e-15
      9373.25  1.69329e-15
      9375.12  1.69850e-15
      9376.99  1.70093e-15
      9378.85  1.70554e-15
      9380.72  1.73776e-15
      9382.58  1.71243e-15
      9384.45  1.80030e-15
      9386.32  1.81020e-15
      9388.18  1.86476e-15
      9390.05  2.01685e-15
      9391.91  2.05199e-15
      9393.78  2.07070e-15
      9395.65  2.14530e-15
      9397.51  2.11103e-15
      9399.38  2.10268e-15
      9401.25  2.16213e-15
      9403.11  2.12188e-15
      9404.98  2.16128e-15
      9406.84  2.14954e-15
      9408.71  2.11941e-15
      9410.58  2.13189e-15
      9412.44  2.15524e-15
      9414.31  2.19154e-15
      9416.17  2.19796e-15
      9418.04  2.17994e-15
      9419.91  2.14376e-15
      9421.77  2.13761e-15
      9423.64  2.08741e-15
      9425.50  2.01366e-15
      9427.37  1.96799e-15
      9429.24  2.02527e-15
      9431.10  2.16650e-15
      9432.97  2.23549e-15
      9434.83  2.15468e-15
      9436.70  1.95775e-15
      9438.57  1.80207e-15
      9440.43  1.70500e-15
      9442.30  1.84648e-15
      9444.16  2.06888e-15
      9446.03  2.19534e-15
      9447.90  2.27224e-15
      9449.76  2.24420e-15
      9451.63  2.11094e-15
      9453.50  1.98946e-15
      9455.36  1.93295e-15
      9457.23  1.91807e-15
      9459.09  1.92545e-15
      9460.96  1.98338e-15
      9462.83  2.10696e-15
      9464.69  2.11887e-15
      9466.56  2.08557e-15
      9468.42  2.08183e-15
      9470.29  2.05312e-15
      9472.16  1.93265e-15
      9474.02  1.88637e-15
      9475.89  1.92847e-15
      9477.75  1.85435e-15
      9479.62  1.80690e-15
      9481.49  1.93931e-15
      9483.35  2.04587e-15
      9485.22  2.07750e-15
      9487.08  2.16701e-15
      9488.95  2.17909e-15
      9490.82  2.07899e-15
      9492.68  1.93823e-15
      9494.55  1.90554e-15
      9496.41  1.90815e-15
      9498.28  1.86984e-15
      9500.15  1.88828e-15
      9502.01  2.01493e-15
      9503.88  2.10986e-15
      9505.75  2.17279e-15
      9507.61  2.34627e-15
      9509.48  2.48712e-15
      9511.34  2.37876e-15
      9513.21  2.21947e-15
      9515.08  2.11278e-15
      9516.94  2.02554e-15
      9518.81  2.14424e-15
      9520.67  2.30487e-15
      9522.54  2.35070e-15
      9524.41  2.41968e-15
      9526.27  2.42966e-15
      9528.14  2.41861e-15
      9530.00  2.36606e-15
      9531.87  2.37721e-15
      9533.74  2.46364e-15
      9535.60  2.55423e-15
      9537.47  2.52664e-15
      9539.33  2.49054e-15
      9541.20  2.45682e-15
      9543.07  2.48091e-15
      9544.93  2.54691e-15
      9546.80  2.46701e-15
      9548.66  2.28667e-15
      9550.53  2.15884e-15
      9552.40  2.02922e-15
      9554.26  2.07022e-15
      9556.13  2.21313e-15
      9558.00  2.19714e-15
      9559.86  2.22523e-15
      9561.73  2.16858e-15
      9563.59  2.08728e-15
      9565.46  2.11926e-15
      9567.33  2.18430e-15
      9569.19  2.33050e-15
      9571.06  2.52375e-15
      9572.92  2.68412e-15
      9574.79  2.73160e-15
      9576.66  2.57136e-15
      9578.52  2.41810e-15
      9580.39  2.39371e-15
      9582.25  2.42891e-15
      9584.12  2.31293e-15
      9585.99  2.05118e-15
      9587.85  1.91678e-15
      9589.72  1.91229e-15
      9591.58  2.01293e-15
      9593.45  2.14828e-15
      9595.32  2.34985e-15
      9597.18  2.51095e-15
      9599.05  2.53019e-15
      9600.91  2.45686e-15
      9602.78  2.32088e-15
      9604.65  2.26583e-15
      9606.51  2.28235e-15
      9608.38  2.29829e-15
      9610.25  2.29399e-15
      9612.11  2.16952e-15
      9613.98  2.04698e-15
      9615.84  2.17115e-15
      9617.71  2.32159e-15
      9619.58  2.33446e-15
      9621.44  2.34820e-15
      9623.31  2.40365e-15
      9625.17  2.48233e-15
      9627.04  2.62301e-15
      9628.91  2.79548e-15
      9630.77  2.73391e-15
      9632.64  2.48341e-15
      9634.50  2.18625e-15
      9636.37  2.03227e-15
      9638.24  2.05571e-15
      9640.10  2.23599e-15
      9641.97  2.44509e-15
      9643.83  2.54927e-15
      9645.70  2.52608e-15
      9647.57  2.52826e-15
      9649.43  2.61229e-15
      9651.30  2.64363e-15
      9653.16  2.72832e-15
      9655.03  2.91865e-15
      9656.90  3.06097e-15
      9658.76  3.03915e-15
      9660.63  2.83381e-15
      9662.50  2.60692e-15
      9664.36  2.49836e-15
      9666.23  2.59793e-15
      9668.09  2.84553e-15
      9669.96  3.10229e-15
      9671.83  3.33015e-15
      9673.69  3.36910e-15
      9675.56  3.20684e-15
      9677.42  3.03387e-15
      9679.29  3.01770e-15
      9681.16  3.10783e-15
      9683.02  3.21225e-15
      9684.89  3.14066e-15
      9686.75  3.01111e-15
      9688.62  2.96203e-15
      9690.49  2.86224e-15
      9692.35  2.83708e-15
      9694.22  2.99212e-15
      9696.08  3.25952e-15
      9697.95  3.46954e-15
      9699.82  3.48951e-15
      9701.68  3.46870e-15
      9703.55  3.50984e-15
      9705.41  3.47576e-15
      9707.28  3.33990e-15
      9709.15  3.27783e-15
      9711.01  3.28108e-15
      9712.88  3.31662e-15
      9714.74  3.37098e-15
      9716.61  3.29006e-15
      9718.48  3.06031e-15
      9720.34  2.99612e-15
      9722.21  3.04035e-15
      9724.08  3.11237e-15
      9725.94  3.30625e-15
      9727.81  3.49465e-15
      9729.67  3.59086e-15
      9731.54  3.50233e-15
      9733.41  3.38718e-15
      9735.27  3.28783e-15
      9737.14  3.31752e-15
      9739.00  3.34359e-15
      9740.87  3.32208e-15
      9742.74  3.36305e-15
      9744.60  3.26498e-15
      9746.47  3.10392e-15
      9748.33  3.03451e-15
      9750.20  3.08964e-15
      9752.07  3.19161e-15
      9753.93  3.35212e-15
      9755.80  3.45991e-15
      9757.66  3.51225e-15
      9759.53  3.49461e-15
      9761.40  3.52421e-15
      9763.26  3.60139e-15
      9765.13  3.76450e-15
      9766.99  3.69782e-15
      9768.86  3.66319e-15
      9770.73  3.68542e-15
      9772.59  3.73714e-15
      9774.46  3.71487e-15
      9776.33  3.69214e-15
      9778.19  3.48678e-15
      9780.06  3.34972e-15
      9781.92  3.40387e-15
      9783.79  3.58135e-15
      9785.66  3.65836e-15
      9787.52  3.68658e-15
      9789.39  3.77004e-15
      9791.25  3.87254e-15
      9793.12  3.89607e-15
      9794.99  3.91115e-15
      9796.85  3.86700e-15
      9798.72  3.88646e-15
      9800.58  3.83326e-15
      9802.45  3.81400e-15
      9804.32  3.89011e-15
      9806.18  3.84883e-15
      9808.05  3.86014e-15
      9809.91  3.72084e-15
      9811.78  3.69667e-15
      9813.65  3.86549e-15
      9815.51  3.94210e-15
      9817.38  4.11556e-15
      9819.24  4.23107e-15
      9821.11  4.27446e-15
      9822.98  4.29693e-15
      9824.84  4.28690e-15
      9826.71  4.35718e-15
      9828.58  4.24347e-15
      9830.44  4.20197e-15
      9832.31  4.18304e-15
      9834.17  4.31220e-15
      9836.04  4.45113e-15
      9837.91  4.37188e-15
      9839.77  4.20378e-15
      9841.64  4.04472e-15
      9843.50  3.96276e-15
      9845.37  3.96706e-15
      9847.24  3.96415e-15
      9849.10  3.91285e-15
      9850.97  3.97030e-15
      9852.83  4.11797e-15
      9854.70  4.22293e-15
      9856.57  4.30828e-15
      9858.43  4.30330e-15
      9860.30  4.30760e-15
      9862.16  4.44623e-15
      9864.03  4.48604e-15
      9865.90  4.41056e-15
      9867.76  4.35620e-15
      9869.63  4.47838e-15
      9871.49  4.45399e-15
      9873.36  4.35386e-15
      9875.23  4.41946e-15
      9877.09  4.42911e-15
      9878.96  4.41509e-15
      9880.83  4.41938e-15
      9882.69  4.42839e-15
      9884.56  4.43469e-15
      9886.42  4.43537e-15
      9888.29  4.43586e-15
      9890.16  4.28283e-15
      9892.02  4.13844e-15
      9893.89  3.93988e-15
      9895.75  3.73787e-15
      9897.62  3.74878e-15
      9899.49  3.53943e-15
      9901.35  3.36600e-15
      9903.22  3.32964e-15
      9905.08  3.29432e-15
      9906.95  3.34554e-15
      9908.82  3.27735e-15
      9910.68  3.18741e-15
      9912.55  3.16485e-15
      9914.41  3.17706e-15
      9916.28  3.21626e-15
      9918.15  3.27550e-15
      9920.01  3.28030e-15
      9921.88  3.28406e-15
      9923.74  3.33051e-15
      9925.61  3.38973e-15
      9927.48  3.44036e-15
      9929.34  3.51280e-15
      9931.21  3.66907e-15
      9933.08  3.81769e-15
      9934.94  3.94659e-15
      9936.81  4.01667e-15
      9938.67  4.03786e-15
      9940.54  4.13599e-15
      9942.41  4.22594e-15
      9944.27  4.18134e-15
      9946.14  4.26866e-15
      9948.00  4.25705e-15
      9949.87  4.20559e-15
      9951.74  4.11590e-15
      9953.60  3.87854e-15
      9955.47  3.75370e-15
      9957.33  3.74886e-15
      9959.20  3.83711e-15
      9961.07  3.97437e-15
      9962.93  4.01222e-15
      9964.80  3.92355e-15
      9966.66  3.74785e-15
      9968.53  3.83586e-15
      9970.40  3.83111e-15
      9972.26  3.83183e-15
      9974.13  3.84400e-15
      9975.99  4.06218e-15
      9977.86  4.18214e-15
      9979.73  4.10048e-15
      9981.59  4.12600e-15
      9983.46  4.14802e-15
      9985.33  4.17505e-15
      9987.19  4.33403e-15
      9989.06  4.42937e-15
      9990.92  4.53312e-15
      9992.79  4.47525e-15
      9994.66  4.44098e-15
      9996.52  4.51344e-15
      9998.39  4.59129e-15
      10030.5  4.54029e-15
      10069.2  4.97764e-15
      10108.0  5.00739e-15
      10147.0  5.45606e-15
      10186.0  5.79747e-15
      10225.2  6.11728e-15
      10264.5  6.48956e-15
      10304.0  6.79512e-15
      10343.6  7.19738e-15
      10383.3  7.67866e-15
      10423.1  7.99975e-15
      10463.0  8.30833e-15
      10503.0  8.59711e-15
      10543.2  8.87073e-15
      10583.4  9.03869e-15
      10623.8  9.35280e-15
      10664.3  9.57033e-15
      10704.9  9.80189e-15
      10745.5  1.02061e-14
      10786.3  1.01976e-14
      10827.2  1.03256e-14
      10868.2  9.66375e-15
      10909.2  8.83594e-15
      10950.4  7.37159e-15
      10991.6  6.36346e-15
      11033.0  5.57387e-15
      11074.4  4.50896e-15
      11115.9  3.98368e-15
      11157.5  3.49496e-15
      11199.1  3.66992e-15
      11240.9  3.78120e-15
      11282.7  3.59710e-15
      11324.6  3.59793e-15
      11366.5  3.34660e-15
      11408.5  3.49881e-15
      11450.6  3.56135e-15
      11492.8  3.45703e-15
      11535.0  3.31870e-15
      11577.2  3.39851e-15
      11619.6  3.20328e-15
      11662.0  3.07525e-15
      11704.4  3.30384e-15
      11746.9  3.50550e-15
      11789.4  4.23974e-15
      11832.0  4.89659e-15
      11874.6  5.64531e-15
      11917.3  6.09417e-15
      11960.0  6.72221e-15
      12002.8  7.38249e-15
      12045.6  7.88111e-15
      12088.4  8.52514e-15
      12131.3  9.17252e-15
      12174.2  9.77229e-15
      12217.1  1.04264e-14
      12260.1  1.07720e-14
      12303.1  1.11882e-14
      12346.1  1.13778e-14
      12389.1  1.14305e-14
      12432.2  1.14779e-14
      12475.3  1.18542e-14
      12518.4  1.25453e-14
      12561.5  1.34712e-14
      12604.6  1.39244e-14
      12647.7  1.43142e-14
      12690.9  1.44247e-14
      12734.0  1.45000e-14
      12777.2  1.41314e-14
      12820.4  1.36013e-14
      12863.6  1.33397e-14
      12906.7  1.28490e-14
      12949.9  1.25220e-14
      12993.1  1.22083e-14
      13036.3  1.15379e-14
      13079.4  1.12323e-14
      13122.6  1.05766e-14
      13165.8  9.72913e-15
      13208.9  8.41430e-15
      13252.1  6.52342e-15
      13295.2  3.98425e-15
      13338.3  2.30662e-15
      13381.5  1.11602e-15
      13424.6  5.95034e-16
      13467.6  4.34990e-16
      13510.7  4.07224e-16
      13553.7  3.16821e-16
      13596.8  3.57438e-16
      13639.8  3.56113e-16
      13682.7  3.74435e-16
      13725.7  5.39223e-16
      13768.6  6.78325e-16
      13811.5  6.35991e-16
      13854.4  5.14944e-16
      13897.2  5.46386e-16
      13940.0  4.88396e-16
      13982.8  4.05792e-16
      14025.6  4.46692e-16
      14068.3  4.19903e-16
      14111.0  3.73527e-16
      14153.6  4.81836e-16
      14196.2  3.69956e-16
      14238.8  3.83401e-16
      14281.3  4.60649e-16
      14323.8  5.70360e-16
      14366.3  6.48489e-16
      14408.7  6.05209e-16
      14451.0  8.18640e-16
      14493.3  8.70602e-16
      14535.6  1.14421e-15
      14577.9  1.20496e-15
      14620.1  1.30112e-15
      14662.2  1.17206e-15
      14704.3  1.22340e-15
      14746.3  1.43296e-15
      14788.3  1.63661e-15
      14830.3  1.68380e-15
      14872.2  1.67917e-15
      14914.0  1.72579e-15
      14955.8  2.06170e-15
      14997.5  2.01517e-15
      15039.2  2.21186e-15
      15080.9  2.52244e-15
      15122.4  2.77236e-15
      15163.9  2.99145e-15
      15205.4  3.26747e-15
      15246.8  3.47964e-15
      15288.2  3.79303e-15
      15329.5  4.04777e-15
      15370.7  4.53109e-15
      15411.9  4.72532e-15
      15453.0  5.02153e-15
      15494.1  5.37312e-15
      15535.1  5.68799e-15
      15576.0  5.76689e-15
      15616.9  5.98001e-15
      15657.7  6.27064e-15
      15698.5  6.32953e-15
      15739.2  6.58706e-15
      15779.8  6.71690e-15
      15820.4  6.72248e-15
      15860.9  6.71324e-15
      15901.3  6.55200e-15
      15941.7  6.25960e-15
      15982.0  6.00101e-15
      16022.3  5.37108e-15
      16062.5  4.74749e-15
      16102.6  3.98828e-15
      16142.7  3.49824e-15
      16182.7  3.05980e-15
      16222.6  2.69752e-15
      16262.5  2.53453e-15
      16302.3  2.44782e-15
      16342.0  2.44376e-15
      16381.7  2.53882e-15
      16421.3  2.65347e-15
      16460.8  2.77152e-15
      16500.3  2.83059e-15
      16539.7  2.97307e-15
      16579.1  2.98654e-15
      16618.3  2.70036e-15
      16657.6  2.05867e-15
      16696.7  1.86525e-15
      16735.8  1.71841e-15
      16774.8  1.94607e-15
      16813.8  2.31529e-15
      16852.7  2.52048e-15
      16891.5  2.44318e-15
      16930.2  2.27254e-15
      16968.9  2.26925e-15
      17007.5  1.99404e-15
      17046.1  2.03297e-15
      17084.6  1.99684e-15
      17123.0  2.14297e-15
      17161.4  2.15155e-15
      17199.7  2.26687e-15
      17237.9  2.28519e-15
      17276.1  2.05395e-15
      17314.2  2.02202e-15
      17352.2  1.79246e-15
      17390.2  1.84267e-15
      17428.1  1.60741e-15
      17466.0  1.52054e-15
      17503.8  1.49386e-15
      17541.5  1.43108e-15
      17579.2  1.41300e-15
      17616.8  1.35018e-15
      17654.3  1.31245e-15
      17691.8  1.06940e-15
      17729.2  9.54696e-16
      17766.5  1.00417e-15
      17803.8  8.40604e-16
      17841.0  8.61995e-16
      17878.2  8.66259e-16
      17915.3  8.02663e-16
      17952.3  6.95256e-16
      17989.3  5.98574e-16
      18026.2  6.56900e-16
      18063.1  5.38718e-16
      18099.9  7.27271e-16
      18136.6  6.49062e-16
      18173.3  7.22882e-16
      18209.9  7.78671e-16
      18246.5  7.80141e-16
      18283.0  7.43738e-16
      18319.4  5.58250e-16
      18355.8  5.57115e-16
      18392.1  7.41465e-16
      18428.4  6.78796e-16
      18464.6  8.09291e-16
      18500.7  6.48116e-16
      18536.8  6.84549e-16
      18572.9  6.54845e-16
      18608.9  5.08392e-16
      18644.8  3.98659e-16
      18680.7  4.62432e-16
      18716.5  7.13635e-16
      18752.2  7.04881e-16
      18788.0  6.71512e-16
      18823.6  8.40978e-16
      18859.2  8.61520e-16
      18894.8  8.78674e-16
      18930.3  8.96909e-16
      18965.7  9.76860e-16
      19001.1  9.34312e-16
      19036.4  1.07478e-15
      19071.7  1.00052e-15
      19106.9  1.08861e-15
      19142.1  1.01447e-15
      19177.2  1.14191e-15
      19212.3  9.77629e-16
      19247.3  8.18275e-16
      19282.3  7.32394e-16
      19317.2  6.83309e-16
      19352.1  5.73232e-16
      19386.9  6.18529e-16
      19421.7  6.19897e-16
      19456.4  6.29609e-16
      19491.0  6.50521e-16
      19525.7  6.09300e-16
      19560.2  6.45673e-16
      19594.8  7.00315e-16
      19629.2  7.09853e-16
      19663.7  7.94169e-16
      19698.0  7.37054e-16
      19732.4  8.35300e-16
      19766.6  8.61743e-16
      19800.9  8.56420e-16
      19835.1  9.49260e-16
      19869.2  9.47461e-16
      19903.3  1.00273e-15
      19937.3  1.05211e-15
      19971.3  1.13819e-15
      20005.3  1.12922e-15
      20039.2  1.17180e-15
      20073.0  1.15734e-15
      20106.8  1.26358e-15
      20140.6  1.32894e-15
      20174.3  1.46370e-15
      20208.0  1.53136e-15
      20241.6  1.48608e-15
      20275.2  1.61159e-15
      20308.7  1.55234e-15
      20342.2  1.66464e-15
      20375.7  1.78391e-15
      20409.1  1.69624e-15
      20442.4  1.84723e-15
      20475.7  1.82765e-15
      20509.0  1.90887e-15
      20542.2  2.01811e-15
      20575.4  2.05361e-15
      20608.5  2.04853e-15
      20641.6  2.06702e-15
      20674.6  2.02611e-15
      20707.6  2.07063e-15
      20740.5  2.06149e-15
      20773.4  2.11931e-15
      20806.3  2.08772e-15
      20839.1  2.08777e-15
      20871.9  2.15141e-15
      20904.6  2.08804e-15
      20937.2  2.11749e-15
      20969.9  2.06612e-15
      21002.5  2.06564e-15
      21035.0  2.00777e-15
      21067.5  2.08681e-15
      21099.9  2.01141e-15
      21132.3  2.03096e-15
      21164.7  1.95021e-15
      21197.0  1.97056e-15
      21229.3  1.97638e-15
      21261.5  1.92502e-15
      21293.6  1.80484e-15
      21325.8  1.77019e-15
      21357.9  1.78726e-15
      21389.9  1.71180e-15
      21421.9  1.70315e-15
      21453.8  1.73733e-15
      21485.7  1.63150e-15
      21517.6  1.50181e-15
      21549.4  1.57975e-15
      21581.1  1.51815e-15
      21612.8  1.40387e-15
      21644.5  1.40855e-15
      21676.1  1.38041e-15
      21707.6  1.32615e-15
      21739.2  1.31301e-15
      21770.6  1.23204e-15
      21802.0  1.18104e-15
      21833.4  1.10677e-15
      21864.7  1.05117e-15
      21896.0  9.60675e-16
      21927.2  9.33765e-16
      21958.4  6.78909e-16
      21989.5  5.43894e-16
      22020.6  4.58839e-16
      22051.6  3.14875e-16
      22082.6  4.67676e-16
      22113.6  4.36645e-16
      22144.4  4.83800e-16
      22175.3  4.57934e-16
      22206.1  4.62036e-16
      22236.8  5.62194e-16
      22267.5  4.74945e-16
      22298.1  4.63710e-16
      22328.7  3.89867e-16
      22359.2  4.62892e-16
      22389.7  3.57128e-16
      22420.1  3.11570e-16
      22450.5  3.85520e-16
      22480.8  3.62357e-16
      22511.1  3.17985e-16
      22541.3  2.71742e-16
      22571.5  3.13584e-16
      22601.6  2.72888e-16
      22631.6  3.37901e-16
      22661.7  3.19719e-16
      22691.6  2.76985e-16
      22721.5  2.74927e-16
      22751.4  2.04921e-16
      22781.2  2.68491e-16
      22811.0  2.61722e-16
      22840.7  2.65449e-16
      22870.3  2.67747e-16
      22899.9  2.40095e-16
      22929.5  2.50118e-16
      22959.0  2.04740e-16
      22988.4  2.03574e-16
      23017.8  2.85279e-16
      23047.1  2.49887e-16
      23076.4  3.48286e-16
      23105.7  3.59730e-16
      23134.8  3.21726e-16
      23164.0  4.05094e-16
      23193.1  2.13497e-16
      23222.1  1.82146e-16
      23251.1  1.82852e-16
      23280.0  1.50323e-16
      23308.9  2.14842e-16
      23337.7  1.57841e-16
      23366.5  1.22210e-16
      23395.2  1.65419e-16
      23423.9  1.18091e-16
      23452.6  1.67588e-16
      23481.2  1.71109e-16
      23509.7  1.80119e-16
      23538.2  2.02881e-16
      23566.6  1.71361e-16
      23595.0  2.85630e-16
      23623.4  2.33728e-16
      23651.7  2.90690e-16
      23680.0  2.44734e-16
      23708.2  2.56524e-16
      23736.4  2.06368e-16
      23764.5  2.22139e-16
      23792.6  2.12579e-16
      23820.7  2.02642e-16
      23848.7  2.10969e-16
      23876.7  2.01595e-16
      23904.6  2.50554e-16
      23932.5  1.86576e-16
      23960.4  3.83122e-16
      23988.2  2.97037e-16
      24016.0  2.98008e-16
      24043.8  3.06134e-16
      24071.6  2.93123e-16
      24099.3  3.31734e-16
      24126.9  3.44884e-16
      24154.6  3.37873e-16
      24182.2  3.56606e-16
      24209.8  3.28541e-16
      24237.4  4.01426e-16
      24265.0  3.52357e-16
      24292.5  3.80612e-16
      24320.0  2.99779e-16
      24347.5  4.67936e-16
      24375.0  4.70176e-16
      24402.5  3.84088e-16
      24429.9  3.16020e-16
      24457.4  4.47993e-16
      24484.8  3.50945e-16
      24512.3  4.01980e-16
      24539.7  4.33373e-16
      24567.1  3.73009e-16
      24594.6  5.22239e-16
      24622.0  4.11842e-16
      24649.5  4.21667e-16
      24676.9  3.67664e-16
      24704.4  3.07116e-16
      24731.9  4.45531e-16
      24759.4  3.54390e-16
      24786.9  4.67819e-16
      24814.4  4.40268e-16
      24842.0  4.04525e-16
      24869.6  3.31614e-16
      24897.2  4.58130e-16
      24924.9  4.59322e-16
      24952.6  2.26110e-16
      24980.3  3.26386e-16
      25008.1  3.65323e-16
      25035.9  3.55035e-16
      25063.8  3.57428e-16
      25091.8  3.34815e-16
      25119.8  2.19014e-16
      25147.8  2.83801e-16
      25176.0  4.77765e-16
      25204.2  2.08259e-16
      25232.4  1.73894e-16
      25260.8  4.61712e-16
      25289.3  3.59932e-16
      25317.8  4.86134e-16
      25346.4  4.75932e-16
      25375.2  1.46665e-16
      25404.0  9.33520e-16
      25432.9  1.42647e-17
      25462.0  2.66082e-16
      25491.2  1.67825e-18
      25520.5  8.43047e-16
      25549.9  2.44298e-16
      25579.5  4.71910e-16
      25609.2  1.44364e-16
