      6268.00  2.28607e-18
      6269.86  2.88918e-18
      6271.73  5.13372e-18
      6273.59  4.94079e-18
      6275.46 -1.91462e-19
      6277.32  1.14415e-18
      6279.19  6.40407e-18
      6281.06  2.11285e-18
      6282.92  6.10792e-18
      6284.79  8.09296e-18
      6286.65  6.09411e-18
      6288.52  3.53979e-18
      6290.39  8.17797e-18
      6292.25  6.73969e-18
      6294.12  5.89570e-18
      6295.98 -7.53359e-18
      6297.85  1.27572e-17
      6299.72  6.96172e-19
      6301.58  1.29622e-17
      6303.45  2.41956e-17
      6305.31  3.04114e-18
      6307.18  6.51123e-18
      6309.04  9.94620e-18
      6310.91  6.41272e-18
      6312.78  6.64374e-19
      6314.64 -6.86475e-18
      6316.51  5.37917e-18
      6318.37  1.05170e-17
      6320.24  3.11471e-18
      6322.11  1.93995e-18
      6323.97  8.46680e-18
      6325.84 -1.29212e-18
      6327.70 -5.18416e-19
      6329.57 -1.09988e-19
      6331.44 -1.60668e-18
      6333.30  1.09715e-18
      6335.17 -5.55460e-18
      6337.03 -4.01490e-18
      6338.90  1.13473e-18
      6340.77  3.82711e-18
      6342.63 -1.39323e-19
      6344.50 -2.74692e-18
      6346.36  1.84352e-18
      6348.23  4.47563e-18
      6350.09  1.75641e-18
      6351.96 -1.70281e-18
      6353.83 -1.55088e-18
      6355.69 -5.24395e-18
      6357.56  4.44884e-18
      6359.42  1.69673e-17
      6361.29  9.82215e-18
      6363.16  9.59172e-18
      6365.02  1.10469e-17
      6366.89  7.31102e-18
      6368.75 -2.29832e-18
      6370.62 -7.29375e-18
      6372.49 -8.31587e-18
      6374.35 -3.94396e-18
      6376.22 -1.60976e-18
      6378.08 -9.53622e-19
      6379.95  2.42650e-18
      6381.81  4.91917e-18
      6383.68  2.36162e-18
      6385.55 -3.20631e-18
      6387.41 -1.66555e-19
      6389.28 -1.02410e-18
      6391.14 -7.59938e-21
      6393.01 -6.30662e-18
      6394.88  5.05022e-19
      6396.74  4.94739e-18
      6398.61 -1.90234e-18
      6400.47  1.49726e-19
      6402.34  1.29604e-18
      6404.21  9.79830e-18
      6406.07  4.11351e-18
      6407.94  6.64403e-18
      6409.80  3.76104e-18
      6411.67  9.03659e-18
      6413.53  8.69292e-18
      6415.40  2.70158e-18
      6417.27  2.07285e-19
      6419.13  5.16696e-18
      6421.00  5.76267e-18
      6422.87 -8.59622e-20
      6424.73 -8.68607e-19
      6426.60 -2.26666e-18
      6428.46 -5.52219e-19
      6430.33  5.56368e-18
      6432.19  4.61868e-18
      6434.06 -1.07021e-19
      6435.93 -5.60847e-19
      6437.79 -3.35639e-20
      6439.66 -6.67480e-18
      6441.52 -1.08289e-18
      6443.39  3.94826e-19
      6445.25 -5.85231e-19
      6447.12 -7.02307e-19
      6448.99  6.20799e-19
      6450.85  9.26795e-19
      6452.72  7.13583e-18
      6454.59 -2.91628e-18
      6456.45 -5.36499e-18
      6458.32  1.52345e-19
      6460.18  1.02818e-18
      6462.05 -2.82964e-19
      6463.92  1.02671e-18
      6465.78  1.99564e-18
      6467.65 -4.27952e-18
      6469.51  6.71132e-18
      6471.38 -1.21600e-19
      6473.24 -2.35208e-18
      6475.11 -9.41378e-20
      6476.98  4.18424e-18
      6478.84  1.97689e-19
      6480.71  4.72384e-18
      6482.57  7.77632e-18
      6484.44 -2.91831e-18
      6486.30 -3.11440e-18
      6488.17 -1.72008e-19
      6490.04  2.05420e-18
      6491.90  3.69955e-18
      6493.77 -1.25103e-18
      6495.63 -5.53435e-18
      6497.50 -7.15727e-18
      6499.37 -7.63829e-18
      6501.23 -2.67862e-18
      6503.10  3.80684e-18
      6504.96  5.33960e-18
      6506.83  2.13570e-18
      6508.70  1.84277e-18
      6510.56  9.68769e-19
      6512.43  8.50362e-19
      6514.29  5.12966e-20
      6516.16  2.52833e-18
      6518.02 -1.18162e-19
      6519.89 -2.10132e-18
      6521.76 -5.66723e-18
      6523.62 -2.82059e-18
      6525.49 -9.34658e-19
      6527.35  1.64446e-18
      6529.22  1.90838e-18
      6531.09 -2.73596e-18
      6532.95  1.32442e-18
      6534.82 -2.62347e-18
      6536.69  2.06783e-18
      6538.55  1.06213e-17
      6540.42  3.89438e-18
      6542.28  3.64506e-21
      6544.15 -1.35903e-18
      6546.01 -1.52445e-19
      6547.88 -2.42915e-18
      6549.75  6.34623e-19
      6551.61  3.71855e-18
      6553.48  1.62691e-18
      6555.34  9.31426e-18
      6557.21  1.00128e-18
      6559.08  2.87736e-18
      6560.94 -3.87280e-18
      6562.81 -2.41964e-18
      6564.67  1.90338e-18
      6566.54  2.25590e-18
      6568.41 -8.08275e-19
      6570.27  6.38862e-19
      6572.14  9.94076e-18
      6574.00  1.17576e-18
      6575.87  5.92553e-18
      6577.73  6.19669e-18
      6579.60 -2.03347e-19
      6581.47 -5.20876e-19
      6583.33 -1.14374e-18
      6585.20  8.38112e-19
      6587.06  3.03513e-18
      6588.93  5.23367e-18
      6590.79  4.19970e-18
      6592.66  5.40619e-18
      6594.53  4.69161e-20
      6596.39 -2.94099e-18
      6598.26 -2.68263e-18
      6600.12  3.94762e-19
      6601.99  1.42450e-18
      6603.86  4.39868e-18
      6605.72  4.46658e-18
      6607.59  9.19081e-19
      6609.46  1.89118e-18
      6611.32  2.51686e-18
      6613.19 -1.73318e-19
      6615.05 -2.09347e-18
      6616.92 -1.99775e-18
      6618.78 -1.93328e-18
      6620.65  4.94281e-18
      6622.52  5.82293e-18
      6624.38  1.82951e-18
      6626.25 -2.57321e-18
      6628.11 -3.16057e-18
      6629.98 -1.47919e-18
      6631.85 -4.77147e-18
      6633.71 -3.70203e-18
      6635.58 -2.70168e-18
      6637.44 -1.00154e-18
      6639.31 -5.39088e-19
      6641.17 -6.98638e-19
      6643.04 -4.42775e-18
      6644.91 -3.46978e-19
      6646.77 -2.12169e-18
      6648.64 -2.78670e-18
      6650.50  3.47350e-18
      6652.37  1.64332e-18
      6654.24  3.33128e-18
      6656.10 -5.37636e-19
      6657.97 -3.84815e-19
      6659.83  3.69398e-18
      6661.70  1.31214e-18
      6663.57 -1.40430e-18
      6665.43  1.14874e-19
      6667.30  3.57402e-18
      6669.16 -5.44160e-18
      6671.03 -8.96582e-18
      6672.89  5.97938e-19
      6674.76  2.17558e-18
      6676.63  7.62182e-19
      6678.49  2.58945e-19
      6680.36  3.29328e-18
      6682.22  5.34702e-18
      6684.09  1.90765e-18
      6685.96 -4.09937e-18
      6687.82  1.28203e-18
      6689.69  1.11687e-18
      6691.55  7.79628e-19
      6693.42  2.86373e-18
      6695.29  3.97688e-18
      6697.15  3.89523e-18
      6699.02  3.69647e-18
      6700.88  3.31049e-18
      6702.75  4.51796e-18
      6704.62  8.09027e-18
      6706.48  3.52456e-18
      6708.35 -1.78623e-18
      6710.21 -8.34597e-19
      6712.08  5.53018e-18
      6713.94  6.49851e-18
      6715.81  2.03715e-18
      6717.68 -3.04384e-18
      6719.54  4.71153e-18
      6721.41  3.04232e-18
      6723.27  3.34937e-18
      6725.14  5.76047e-18
      6727.01  3.92981e-18
      6728.87  1.48963e-18
      6730.74  4.10021e-18
      6732.60  2.46863e-18
      6734.47  2.64569e-18
      6736.34  6.92745e-18
      6738.20  2.95324e-18
      6740.07 -6.70821e-19
      6741.93  6.88679e-18
      6743.80  1.04098e-17
      6745.67  3.10831e-18
      6747.53  1.25957e-18
      6749.40  4.58338e-18
      6751.26 -1.27794e-18
      6753.13  1.27490e-18
      6754.99  5.78607e-18
      6756.86  3.92892e-18
      6758.73  2.73115e-19
      6760.59  3.92938e-18
      6762.46  5.65590e-18
      6764.32  6.04399e-18
      6766.19  6.19095e-18
      6768.06  1.02230e-18
      6769.92  3.00991e-20
      6771.79  1.70734e-18
      6773.65  4.43923e-18
      6775.52  1.33187e-18
      6777.39  2.13740e-18
      6779.25  3.55035e-18
      6781.12  8.09525e-19
      6782.98  4.01810e-18
      6784.85  2.85697e-19
      6786.71  3.85858e-18
      6788.58  4.74936e-18
      6790.45  1.89799e-18
      6792.31  2.59704e-18
      6794.18  5.06347e-18
      6796.04  3.79170e-18
      6797.91 -7.60113e-19
      6799.78 -1.14613e-18
      6801.64 -5.56859e-19
      6803.51  4.75101e-18
      6805.37  2.46973e-18
      6807.24  3.42086e-18
      6809.11  5.97354e-18
      6810.97  3.87056e-18
      6812.84 -8.64468e-20
      6814.70 -1.15509e-18
      6816.57  4.46254e-18
      6818.44  8.54596e-20
      6820.30 -1.03040e-18
      6822.17 -2.69080e-18
      6824.03  2.28082e-18
      6825.90  4.19383e-18
      6827.77 -6.23781e-18
      6829.63 -1.12291e-18
      6831.50  5.43460e-18
      6833.36  3.89242e-18
      6835.23 -1.32801e-18
      6837.10 -1.90489e-18
      6838.96 -9.21561e-18
      6840.83 -1.93395e-18
      6842.69  2.02943e-18
      6844.56 -6.11780e-19
      6846.42  2.16918e-18
      6848.29  3.63668e-18
      6850.16  5.36341e-18
      6852.02  5.93529e-18
      6853.89 -2.61386e-19
      6855.75 -5.99448e-21
      6857.62 -1.17993e-18
      6859.48 -5.01049e-18
      6861.35 -1.48603e-18
      6863.22  3.44595e-18
      6865.08  1.36449e-18
      6866.95  1.28966e-18
      6868.81  5.09530e-18
      6870.68  1.99359e-18
      6872.55  2.69473e-18
      6874.41  3.28866e-18
      6876.28  8.66867e-19
      6878.14 -1.88734e-18
      6880.01 -1.62446e-18
      6881.88  4.44265e-18
      6883.74  3.42927e-18
      6885.61  1.17091e-18
      6887.47  2.79358e-18
      6889.34  9.91180e-18
      6891.21  7.80777e-18
      6893.07  4.91034e-18
      6894.94  8.71369e-18
      6896.80  6.14850e-18
      6898.67  9.59677e-19
      6900.54 -1.32216e-18
      6902.40  2.91872e-18
      6904.27  2.60070e-18
      6906.13  1.02972e-18
      6908.00  3.55168e-18
      6909.87  2.94501e-18
      6911.73  1.77279e-18
      6913.60 -1.53294e-18
      6915.46  2.86551e-18
      6917.33  3.36085e-18
      6919.19  6.47028e-18
      6921.06  1.02192e-17
      6922.93 -3.41785e-19
      6924.79 -5.04736e-18
      6926.66 -2.44856e-18
      6928.52 -1.32800e-19
      6930.39  1.20568e-21
      6932.26 -2.65286e-18
      6934.12  8.15277e-20
      6935.99  4.14949e-18
      6937.85  6.79338e-18
      6939.72 -2.53486e-18
      6941.58  2.71593e-19
      6943.45  3.41021e-18
      6945.32  8.13436e-19
      6947.18 -3.46085e-19
      6949.05  5.55868e-18
      6950.91  6.59188e-18
      6952.78  7.10640e-18
      6954.65  2.72345e-18
      6956.51  2.86705e-18
      6958.38  4.71825e-18
      6960.24 -3.73591e-18
      6962.11 -1.84360e-18
      6963.98  2.98803e-18
      6965.84  1.48179e-18
      6967.71  3.40787e-18
      6969.57 -2.57162e-18
      6971.44  1.44228e-18
      6973.31  5.99589e-18
      6975.17  3.82846e-18
      6977.04  6.13688e-18
      6978.90 -2.66597e-18
      6980.77 -1.57790e-18
      6982.63  1.90725e-18
      6984.50  2.52747e-19
      6986.37  4.40595e-18
      6988.23  3.70862e-18
      6990.10  2.09158e-18
      6991.96  2.17578e-18
      6993.83 -2.97304e-18
      6995.70 -4.14173e-18
      6997.56  2.46579e-18
      6999.43  4.99587e-18
      7001.29  3.18480e-20
      7003.16  1.52957e-18
      7005.03 -2.72551e-19
      7006.89  5.76491e-19
      7008.76  4.12209e-18
      7010.62  3.47607e-18
      7012.49  5.51529e-18
      7014.36 -6.21331e-20
      7016.22 -1.55191e-18
      7018.09  8.96764e-19
      7019.95  4.83269e-19
      7021.82  2.33246e-18
      7023.68  3.92858e-18
      7025.55  6.31419e-18
      7027.42  3.51809e-18
      7029.28  2.19245e-18
      7031.15  2.66603e-18
      7033.01  2.53864e-18
      7034.88  3.84105e-18
      7036.75  2.92514e-18
      7038.61  1.92301e-18
      7040.48 -1.04272e-18
      7042.34  2.85709e-18
      7044.21  5.52384e-18
      7046.08  4.35819e-18
      7047.94  4.31396e-18
      7049.81  2.67988e-18
      7051.67 -5.24122e-19
      7053.54  2.25871e-19
      7055.40 -1.62299e-18
      7057.27 -1.33638e-18
      7059.14  2.12807e-18
      7061.00  4.52884e-18
      7062.87  2.62273e-18
      7064.73  2.40165e-19
      7066.60  2.28657e-19
      7068.47  8.04035e-20
      7070.33  3.00575e-18
      7072.20  3.49865e-18
      7074.06  3.59111e-18
      7075.93  1.67839e-18
      7077.80  1.53521e-18
      7079.66 -5.30826e-19
      7081.53  1.43153e-19
      7083.39  2.72093e-18
      7085.26  6.27683e-18
      7087.13  7.95762e-18
      7088.99  3.38101e-18
      7090.86  3.06811e-18
      7092.72  6.71374e-18
      7094.59  3.91686e-18
      7096.46  2.55377e-18
      7098.32  3.53916e-18
      7100.19  5.26748e-18
      7102.05  8.09505e-18
      7103.92  2.58632e-18
      7105.78  3.93443e-18
      7107.65 -2.96907e-20
      7109.52 -8.65066e-19
      7111.38  3.67825e-18
      7113.25  4.72923e-18
      7115.11  5.68374e-18
      7116.98  7.78929e-18
      7118.85  2.49155e-18
      7120.71  2.34538e-18
      7122.58 -1.28849e-18
      7124.44  6.23755e-18
      7126.31  8.58655e-18
      7128.17  9.06629e-19
      7130.04 -1.66021e-18
      7131.91  3.19277e-19
      7133.77  1.92549e-18
      7135.64  4.86724e-18
      7137.50  1.48311e-18
      7139.37  3.53075e-18
      7141.24  1.64736e-18
      7143.10  4.96421e-18
      7144.97 -2.17627e-19
      7146.83  7.72202e-18
      7148.70  3.34876e-18
      7150.57  4.16947e-18
      7152.43  4.91795e-18
      7154.30  4.26920e-18
      7156.16  4.56718e-18
      7158.03  2.38633e-18
      7159.90  2.59784e-18
      7161.76  3.35140e-18
      7163.63  1.27235e-18
      7165.49  3.63408e-18
      7167.36  9.65973e-19
      7169.23  1.69832e-18
      7171.09  1.35378e-18
      7172.96  3.20016e-18
      7174.82  2.53157e-18
      7176.69  1.88832e-18
      7178.55  3.66625e-18
      7180.42  2.03947e-18
      7182.29  2.34939e-18
      7184.15  9.26372e-19
      7186.02  3.32222e-18
      7187.88  4.04123e-18
      7189.75  1.69503e-18
      7191.62  3.73885e-18
      7193.48  4.99235e-19
      7195.35  4.70202e-18
      7197.21  5.74518e-18
      7199.08  1.62279e-18
      7200.95  1.27363e-20
      7202.81  1.05724e-18
      7204.68  5.02983e-18
      7206.54  4.88457e-18
      7208.41  1.23018e-18
      7210.27 -3.82706e-19
      7212.14  1.58518e-18
      7214.01  1.74088e-18
      7215.87  1.36499e-18
      7217.74  5.42080e-18
      7219.60  4.11500e-18
      7221.47 -3.98646e-19
      7223.34 -1.46286e-18
      7225.20  2.33759e-18
      7227.07  3.35921e-18
      7228.93  3.24497e-18
      7230.80  5.13794e-18
      7232.67  3.33104e-18
      7234.53  3.26282e-18
      7236.40  6.04320e-18
      7238.26  1.14276e-17
      7240.13  7.41297e-18
      7242.00  1.46816e-18
      7243.86  6.24172e-18
      7245.73  5.66673e-18
      7247.59  3.96878e-18
      7249.46  3.33236e-18
      7251.33 -5.99132e-19
      7253.19  7.95782e-19
      7255.06 -3.39034e-19
      7256.92 -1.99765e-19
      7258.79  5.13083e-18
      7260.65  8.47090e-18
      7262.52  2.58455e-18
      7264.39 -2.74148e-18
      7266.25  4.62052e-18
      7268.12  5.67071e-18
      7269.98 -2.34502e-18
      7271.85  3.37405e-18
      7273.72 -2.53308e-18
      7275.58  2.43054e-18
      7277.45  6.64732e-18
      7279.31  1.30133e-18
      7281.18 -5.80540e-19
      7283.05  2.25525e-18
      7284.91  7.21278e-18
      7286.78  6.20932e-18
      7288.64  1.60414e-18
      7290.51  4.29973e-19
      7292.37  6.77826e-18
      7294.24  4.59172e-18
      7296.11 -5.37101e-19
      7297.97  5.31252e-18
      7299.84  9.82202e-18
      7301.70  4.70769e-18
      7303.57 -1.29351e-18
      7305.44 -3.46160e-18
      7307.30  6.68001e-19
      7309.17  3.69093e-18
      7311.03 -7.43622e-19
      7312.90  9.43918e-20
      7314.76  2.74130e-18
      7316.63  9.43582e-18
      7318.50  6.06718e-18
      7320.36  4.97056e-18
      7322.23 -2.47060e-19
      7324.10  3.83365e-18
      7325.96  1.00477e-17
      7327.83  7.85756e-18
      7329.69  3.44080e-18
      7331.56 -1.21983e-19
      7333.42  1.75981e-18
      7335.29  3.73239e-19
      7337.16 -6.13099e-19
      7339.02  6.78404e-18
      7340.89  4.78128e-18
      7342.75 -1.39160e-17
      7344.62 -4.54266e-18
      7346.48  4.58638e-18
      7348.35  3.89064e-18
      7350.22  1.28706e-18
      7352.08 -3.72647e-18
      7353.95  1.65835e-18
      7355.82  5.95487e-18
      7357.68  7.36035e-18
      7359.55 -1.91804e-18
      7361.41  4.05375e-18
      7363.28  1.25961e-18
      7365.15 -2.08423e-18
      7367.01  1.25792e-19
      7368.88  8.03215e-18
      7370.74  8.75508e-18
      7372.61  6.81751e-18
      7374.47 -1.24771e-18
      7376.34 -1.67731e-18
      7378.21  3.22618e-18
      7380.07  2.26926e-18
      7381.94  1.54416e-18
      7383.80  1.12922e-18
      7385.67  2.43119e-18
      7387.53 -6.28229e-19
      7389.40  7.62572e-18
      7391.27  3.63676e-18
      7393.13  3.64437e-18
      7395.00  4.15466e-18
      7396.87  3.67755e-18
      7398.73  1.46659e-18
      7400.60  3.96064e-18
      7402.46  8.68466e-18
      7404.33  4.87470e-18
      7406.19  1.12067e-17
      7408.06  4.39015e-18
      7409.93  5.59642e-18
      7411.79  1.72049e-18
      7413.66  1.33745e-18
      7415.52 -2.23005e-18
      7417.39 -4.67018e-19
      7419.25  4.60112e-18
      7421.12  6.30147e-18
      7422.99  8.60214e-18
      7424.85 -1.63260e-18
      7426.72 -2.67537e-18
      7428.58  4.19438e-18
      7430.45  1.10155e-17
      7432.32  5.44153e-18
      7434.18  4.60604e-18
      7436.05  3.61218e-18
      7437.92  3.34930e-18
      7439.78  4.17391e-18
      7441.65  4.46523e-18
      7443.51  2.81473e-18
      7445.38  1.26485e-19
      7447.24  2.10898e-18
      7449.11  4.46719e-18
      7450.98  1.75786e-18
      7452.84  4.00802e-18
      7454.71  2.20906e-18
      7456.57  7.35329e-19
      7458.44  3.99696e-18
      7460.31  3.35019e-18
      7462.17 -3.56075e-18
      7464.04  4.54327e-19
      7465.90  6.48720e-18
      7467.77  4.13004e-18
      7469.64  8.78297e-18
      7471.50  8.72370e-18
      7473.37  3.82492e-18
      7475.23  4.71076e-18
      7477.10  8.88451e-18
      7478.96  7.97126e-18
      7480.83 -1.20619e-18
      7482.70  3.68325e-18
      7484.56  3.11754e-18
      7486.43  2.54474e-18
      7488.29 -8.82981e-19
      7490.16  2.97026e-18
      7492.03  9.22656e-19
      7493.89  6.83108e-18
      7495.76  2.60867e-18
      7497.62  1.85168e-18
      7499.49  3.57553e-18
      7501.35 -1.78702e-18
      7503.22 -1.29368e-18
      7505.09  5.39500e-18
      7506.95  6.31317e-19
      7508.82 -2.60762e-18
      7510.69  3.13606e-18
      7512.55  2.30385e-18
      7514.42  3.51935e-18
      7516.28  2.52546e-18
      7518.15  2.02916e-18
      7520.01  4.44617e-18
      7521.88 -1.85166e-18
      7523.75  1.89642e-18
      7525.61  1.36882e-18
      7527.48 -3.40444e-18
      7529.34 -4.27005e-18
      7531.21  2.45970e-18
      7533.08  6.50137e-18
      7534.94  6.22464e-18
      7536.81 -6.29857e-19
      7538.67  1.36652e-18
      7540.54  5.24774e-18
      7542.40  3.83512e-18
      7544.27 -5.39057e-19
      7546.14  3.57246e-18
      7548.00  6.01140e-18
      7549.87  1.83460e-18
      7551.73 -3.13253e-18
      7553.60  1.57529e-19
      7555.47  5.29031e-18
      7557.33  5.78665e-18
      7559.20  2.63679e-18
      7561.06 -2.53287e-18
      7562.93 -1.01709e-18
      7564.80  3.48840e-18
      7566.66  1.27030e-17
      7568.53  8.96777e-18
      7570.39  1.45227e-18
      7572.26 -1.82281e-20
      7574.12  7.10976e-18
      7575.99  4.32025e-18
      7577.86  9.04646e-19
      7579.72 -3.70709e-19
      7581.59  1.29191e-18
      7583.45 -2.53765e-18
      7585.32 -4.39415e-19
      7587.19  4.96328e-18
      7589.05  6.09448e-20
      7590.92  3.11475e-18
      7592.78  5.18216e-18
      7594.65 -1.98114e-18
      7596.52 -5.87966e-18
      7598.38  9.50228e-18
      7600.25  2.04262e-17
      7602.11  1.24830e-17
      7603.98 -1.65872e-18
      7605.85  1.81709e-17
      7607.71  2.40210e-17
      7609.58  1.09446e-17
      7611.44  1.20906e-17
      7613.31  5.53877e-18
      7615.17  1.42659e-18
      7617.04 -4.82770e-19
      7618.91  2.37913e-18
      7620.77  7.94438e-18
      7622.64  2.05729e-18
      7624.51  3.43507e-18
      7626.37  3.66232e-18
      7628.24  2.90116e-18
      7630.10  9.52204e-18
      7631.97  4.82279e-18
      7633.83 -3.93084e-18
      7635.70 -8.10076e-18
      7637.57 -3.44066e-18
      7639.43  2.40401e-18
      7641.30  3.99001e-18
      7643.16  4.91996e-18
      7645.03 -1.43868e-18
      7646.90  3.54321e-19
      7648.76  2.28596e-18
      7650.63 -1.42472e-18
      7652.49  4.16617e-18
      7654.36 -9.82471e-19
      7656.22 -3.02123e-19
      7658.09  4.16240e-18
      7659.96  3.27270e-18
      7661.82  4.83733e-19
      7663.69  3.65181e-18
      7665.55  7.20881e-18
      7667.42  4.25429e-18
      7669.29  6.26748e-18
      7671.15  4.24627e-18
      7673.02  2.39485e-18
      7674.88  7.62619e-19
      7676.75  6.77833e-19
      7678.62  3.26023e-18
      7680.48  4.05947e-18
      7682.35  4.09336e-18
      7684.21  6.87980e-19
      7686.08  2.00128e-18
      7687.94  2.45586e-18
      7689.81 -1.53789e-18
      7691.68  3.28809e-19
      7693.54 -1.54454e-18
      7695.41 -7.46377e-19
      7697.27 -2.04522e-18
      7699.14  2.06877e-18
      7701.01 -3.61732e-18
      7702.87 -7.58903e-18
      7704.74 -9.16043e-19
      7706.60  1.01950e-18
      7708.47 -3.31818e-18
      7710.34 -1.79282e-18
      7712.20  1.13158e-17
      7714.07  1.41944e-17
      7715.93  5.04392e-18
      7717.80  5.54989e-18
      7719.67  5.58241e-18
      7721.53  3.89482e-19
      7723.40  8.10210e-18
      7725.26 -6.11010e-18
      7727.13 -5.74672e-18
      7729.00 -2.40959e-18
      7730.86  3.60270e-18
      7732.73  5.98414e-18
      7734.59  2.47262e-19
      7736.46 -4.29234e-18
      7738.32  3.55319e-18
      7740.19 -4.58673e-19
      7742.06 -8.32003e-19
      7743.92  2.45190e-18
      7745.79  5.12547e-18
      7747.65 -5.41379e-18
      7749.52 -9.41304e-18
      7751.39  7.67148e-18
      7753.25  1.95250e-17
      7755.12  8.94345e-18
      7756.98 -2.26746e-18
      7758.85  2.79965e-18
      7760.71  1.18925e-17
      7762.58  1.39007e-17
      7764.45  6.76738e-18
      7766.31  5.70346e-18
      7768.18  1.17314e-19
      7770.04  2.94381e-18
      7771.91  1.01452e-17
      7773.78  3.22765e-18
      7775.64  6.94707e-18
      7777.51  6.62699e-18
      7779.37  7.76274e-18
      7781.24  3.50462e-19
      7783.11  1.85653e-18
      7784.97  5.10436e-18
      7786.84  3.71970e-18
      7788.70  4.66003e-18
      7790.57  5.87406e-18
      7792.44  7.64292e-18
      7794.30  1.09567e-17
      7796.17  1.59721e-17
      7798.03  1.04532e-17
      7799.90  3.22073e-18
      7801.77  9.59320e-18
      7803.63  5.76407e-18
      7805.50  2.86032e-19
      7807.36  1.05907e-18
      7809.23 -4.06733e-18
      7811.10  5.55157e-18
      7812.96  2.61527e-18
      7814.83 -9.20996e-19
      7816.69 -7.99398e-20
      7818.56  3.79865e-18
      7820.42  1.18244e-17
      7822.29  1.59999e-17
      7824.16  1.61853e-17
      7826.02  5.99153e-18
      7827.89  6.41098e-19
      7829.75  1.75709e-18
      7831.62  9.66652e-18
      7833.49  5.69477e-18
      7835.35  1.65860e-18
      7837.22  1.16011e-18
      7839.08  6.25831e-18
      7840.95  1.15615e-17
      7842.81  2.34515e-18
      7844.68 -7.07851e-19
      7846.55 -3.56378e-19
      7848.41  1.15723e-17
      7850.28  1.13701e-17
      7852.14  3.80676e-18
      7854.01  1.13999e-17
      7855.88  1.43094e-17
      7857.74  4.45215e-18
      7859.61  6.71374e-18
      7861.47  1.39338e-18
      7863.34  2.11605e-18
      7865.21  8.36270e-18
      7867.07  1.01380e-17
      7868.94  1.71017e-17
      7870.80  1.18805e-17
      7872.67  7.37547e-19
      7874.54  1.10475e-17
      7876.40  1.64235e-17
      7878.27  1.86827e-17
      7880.13  4.51277e-18
      7882.00  2.71682e-18
      7883.87  2.96168e-18
      7885.73  1.23516e-17
      7887.60  2.10257e-17
      7889.46  1.82153e-17
      7891.33  1.59480e-17
      7893.19  8.86570e-18
      7895.06  9.12173e-18
      7896.93  1.34344e-17
      7898.79  2.09762e-18
      7900.66  2.41972e-18
      7902.52  1.09381e-17
      7904.39  1.21533e-17
      7906.26  6.91770e-18
      7908.12  2.99328e-19
      7909.99  2.60770e-18
      7911.85  9.88720e-18
      7913.72  1.36247e-17
      7915.59  1.41639e-17
      7917.45  1.62924e-17
      7919.32  1.51611e-17
      7921.18  1.65938e-17
      7923.05  1.29514e-17
      7924.91  1.28873e-17
      7926.78  5.52103e-18
      7928.65  2.03851e-17
      7930.51  1.81688e-17
      7932.38  4.80413e-18
      7934.24 -5.98496e-20
      7936.11  1.11572e-17
      7937.98  1.01784e-17
      7939.84  1.21082e-17
      7941.71  7.79513e-18
      7943.57  2.07465e-18
      7945.44  3.83490e-18
      7947.31 -4.39116e-19
      7949.17  7.79681e-19
      7951.04  5.12489e-18
      7952.90  5.35897e-18
      7954.77  9.03027e-18
      7956.63  1.12213e-17
      7958.50  1.10928e-17
      7960.37  2.38190e-17
      7962.23  1.37484e-17
      7964.10  1.02817e-17
      7965.96  8.77027e-18
      7967.83  5.33864e-18
      7969.70  1.49698e-17
      7971.56  1.95819e-17
      7973.43  1.65395e-17
      7975.29  1.25290e-17
      7977.16  1.27404e-17
      7979.03  8.56645e-18
      7980.89  1.31629e-17
      7982.76  1.63894e-17
      7984.62  8.61524e-18
      7986.49  1.60136e-17
      7988.36  1.69185e-17
      7990.22  2.13456e-17
      7992.09  1.31055e-17
      7993.95  1.52982e-17
      7995.82  1.63443e-17
      7997.69  1.46890e-17
      7999.55  1.79586e-17
      8001.42  2.17940e-17
      8003.28  1.88122e-17
      8005.15  1.57296e-17
      8007.01  1.54586e-17
      8008.88  1.25156e-17
      8010.75  1.46925e-17
      8012.61  2.08272e-17
      8014.48  1.70298e-17
      8016.34  2.00084e-17
      8018.21  1.94564e-17
      8020.08  1.43340e-17
      8021.94  8.68869e-18
      8023.81  2.12851e-17
      8025.67  2.15462e-17
      8027.54  1.07815e-17
      8029.40  1.27272e-17
      8031.27  1.48829e-17
      8033.14  1.68359e-17
      8035.00  1.92322e-17
      8036.87  2.22213e-17
      8038.73  1.66650e-17
      8040.60  1.10377e-17
      8042.47  1.14224e-17
      8044.33  1.54430e-17
      8046.20  2.15994e-17
      8048.06  2.54864e-17
      8049.93  1.29470e-17
      8051.80  1.28253e-17
      8053.66  2.34285e-17
      8055.53  2.04362e-17
      8057.39  2.32570e-17
      8059.26  2.26757e-17
      8061.13  2.11080e-17
      8062.99  3.06808e-17
      8064.86  2.43111e-17
      8066.72  2.13281e-17
      8068.59  1.81976e-17
      8070.46  1.57255e-17
      8072.32  1.92189e-17
      8074.19  1.67713e-17
      8076.05  1.91545e-17
      8077.92  1.91279e-17
      8079.79  2.05523e-17
      8081.65  1.99186e-17
      8083.52  1.25714e-17
      8085.38  1.67294e-17
      8087.25  2.66473e-17
      8089.11  2.33480e-17
      8090.98  1.76424e-17
      8092.85  2.16217e-17
      8094.71  2.55513e-17
      8096.58  2.53696e-17
      8098.44  1.91691e-17
      8100.31  1.62920e-17
      8102.17  2.46038e-17
      8104.04  2.08084e-17
      8105.91  1.68043e-17
      8107.77  2.16386e-17
      8109.64  2.08202e-17
      8111.50  1.80228e-17
      8113.37  1.55247e-17
      8115.24  2.19108e-17
      8117.10  2.47535e-17
      8118.97  2.45063e-17
      8120.83  2.54161e-17
      8122.70  2.76609e-17
      8124.57  2.24947e-17
      8126.43  2.46089e-17
      8128.30  2.79750e-17
      8130.16  2.01942e-17
      8132.03  2.33089e-17
      8133.90  2.73979e-17
      8135.76  1.93212e-17
      8137.63  1.72462e-17
      8139.49  2.08962e-17
      8141.36  2.33749e-17
      8143.23  2.17946e-17
      8145.09  2.25125e-17
      8146.96  2.75410e-17
      8148.82  3.08228e-17
      8150.69  3.31100e-17
      8152.56  2.83205e-17
      8154.42  2.31810e-17
      8156.29  2.66416e-17
      8158.15  3.15768e-17
      8160.02  3.08394e-17
      8161.88  2.65505e-17
      8163.75  2.53978e-17
      8165.62  2.43451e-17
      8167.48  2.50635e-17
      8169.35  3.16138e-17
      8171.21  3.67708e-17
      8173.08  3.22196e-17
      8174.95  2.43774e-17
      8176.81  2.07737e-17
      8178.68  2.73539e-17
      8180.54  2.80152e-17
      8182.41  2.70152e-17
      8184.28  2.55151e-17
      8186.14  2.33352e-17
      8188.01  3.14434e-17
      8189.87  2.90446e-17
      8191.74  2.98614e-17
      8193.60  2.22574e-17
      8195.47  2.23261e-17
      8197.34  3.35718e-17
      8199.20  3.34445e-17
      8201.07  2.41671e-17
      8202.93  2.77967e-17
      8204.80  2.44269e-17
      8206.67  2.60465e-17
      8208.53  3.34929e-17
      8210.40  3.04122e-17
      8212.26  3.20869e-17
      8214.13  3.08043e-17
      8215.99  2.77421e-17
      8217.86  2.86172e-17
      8219.73  3.34685e-17
      8221.59  3.30307e-17
      8223.46  3.11074e-17
      8225.33  2.66851e-17
      8227.19  2.10647e-17
      8229.06  2.36727e-17
      8230.92  3.49221e-17
      8232.79  3.24845e-17
      8234.65  2.58765e-17
      8236.52  2.83191e-17
      8238.39  3.57232e-17
      8240.25  3.89684e-17
      8242.12  3.53873e-17
      8243.98  3.31662e-17
      8245.85  4.03089e-17
      8247.72  3.31684e-17
      8249.58  3.36419e-17
      8251.45  3.12670e-17
      8253.31  3.44323e-17
      8255.18  3.34280e-17
      8257.05  3.45104e-17
      8258.91  3.24259e-17
      8260.78  3.53776e-17
      8262.64  3.52584e-17
      8264.51  3.58435e-17
      8266.38  3.44639e-17
      8268.24  3.37619e-17
      8270.11  3.28936e-17
      8271.97  3.75509e-17
      8273.84  3.73678e-17
      8275.70  3.54010e-17
      8277.57  4.93200e-17
      8279.44  2.81794e-17
      8281.30  2.90776e-17
      8283.17  4.66422e-17
      8285.03  5.33625e-17
      8286.90  4.66831e-17
      8288.77  3.52814e-17
      8290.63  2.76881e-17
      8292.50  3.43524e-17
      8294.36  4.49965e-17
      8296.23  5.82080e-17
      8298.09  3.75751e-17
      8299.96  3.06755e-17
      8301.83  3.68116e-17
      8303.69  4.19261e-17
      8305.56  3.98664e-17
      8307.42  4.54145e-17
      8309.29  3.58545e-17
      8311.16  4.06801e-17
      8313.02  4.56169e-17
      8314.89  5.14391e-17
      8316.75  4.74589e-17
      8318.62  3.23493e-17
      8320.49  2.77504e-17
      8322.35  3.50912e-17
      8324.22  3.60393e-17
      8326.08  3.78205e-17
      8327.95  4.57599e-17
      8329.82  4.77693e-17
      8331.68  4.38088e-17
      8333.55  4.09853e-17
      8335.41  3.51269e-17
      8337.28  3.33467e-17
      8339.14  4.48514e-17
      8341.01  6.93558e-17
      8342.88  6.46651e-17
      8344.74  3.28439e-17
      8346.61  2.97379e-17
      8348.47  3.98584e-17
      8350.34  4.82741e-17
      8352.21  4.96961e-17
      8354.07  4.43648e-17
      8355.94  4.71919e-17
      8357.80  4.76570e-17
      8359.67  4.85783e-17
      8361.54  4.67838e-17
      8363.40  5.05396e-17
      8365.27  4.31544e-17
      8367.13  4.02789e-17
      8369.00  4.59812e-17
      8370.86  4.62580e-17
      8372.73  4.57055e-17
      8374.60  4.23930e-17
      8376.46  4.29737e-17
      8378.33  5.44830e-17
      8380.19  5.64369e-17
      8382.06  5.40779e-17
      8383.93  5.65945e-17
      8385.79  5.85153e-17
      8387.66  4.70761e-17
      8389.52  4.66976e-17
      8391.39  5.63711e-17
      8393.26  5.27265e-17
      8395.12  3.61268e-17
      8396.99  4.55188e-17
      8398.85  6.51104e-17
      8400.72  6.25259e-17
      8402.58  5.79886e-17
      8404.45  4.96638e-17
      8406.32  4.50284e-17
      8408.18  5.10778e-17
      8410.05  5.11909e-17
      8411.92  5.46239e-17
      8413.78  4.75533e-17
      8415.65  4.41869e-17
      8417.51  5.93829e-17
      8419.38  5.73127e-17
      8421.24  4.84242e-17
      8423.11  5.70692e-17
      8424.98  6.01819e-17
      8426.84  6.84983e-17
      8428.71  6.51845e-17
      8430.57  3.84207e-17
      8432.44  4.68585e-17
      8434.31  5.97181e-17
      8436.17  5.10739e-17
      8438.04  5.09292e-17
      8439.90  5.70804e-17
      8441.77  6.13223e-17
      8443.63  6.39698e-17
      8445.50  5.41856e-17
      8447.37  5.70070e-17
      8449.23  6.08714e-17
      8451.10  6.18015e-17
      8452.97  6.12180e-17
      8454.83  6.07589e-17
      8456.70  6.31751e-17
      8458.56  5.76426e-17
      8460.43  6.94505e-17
      8462.29  8.65899e-17
      8464.16  8.20693e-17
      8466.03  7.86489e-17
      8467.89  7.81482e-17
      8469.76  5.84520e-17
      8471.62  5.71480e-17
      8473.49  6.32562e-17
      8475.36  6.28249e-17
      8477.22  6.23483e-17
      8479.09  5.77571e-17
      8480.95  5.78978e-17
      8482.82  6.08216e-17
      8484.68  5.90808e-17
      8486.55  6.30507e-17
      8488.42  5.66456e-17
      8490.28  5.47405e-17
      8492.15  5.92056e-17
      8494.01  7.09713e-17
      8495.88  6.78633e-17
      8497.75  6.70700e-17
      8499.61  6.72766e-17
      8501.48  6.67878e-17
      8503.34  7.80252e-17
      8505.21  6.30411e-17
      8507.08  6.11687e-17
      8508.94  8.32554e-17
      8510.81  7.60019e-17
      8512.67  7.54307e-17
      8514.54  7.03141e-17
      8516.41  6.74285e-17
      8518.27  6.41123e-17
      8520.14  5.67153e-17
      8522.00  5.30342e-17
      8523.87  6.33756e-17
      8525.73  6.46758e-17
      8527.60  6.79876e-17
      8529.47  6.94270e-17
      8531.33  7.36109e-17
      8533.20  7.21043e-17
      8535.06  8.16883e-17
      8536.93  7.85111e-17
      8538.80  7.78035e-17
      8540.66  7.31526e-17
      8542.53  7.61833e-17
      8544.39  7.05963e-17
      8546.26  8.27823e-17
      8548.13  8.27286e-17
      8549.99  8.36109e-17
      8551.86  7.93901e-17
      8553.72  7.43353e-17
      8555.59  6.76301e-17
      8557.45  7.22615e-17
      8559.32  7.42735e-17
      8561.19  8.30001e-17
      8563.05  8.78391e-17
      8564.92  8.03215e-17
      8566.78  7.24732e-17
      8568.65  7.89902e-17
      8570.52  8.44516e-17
      8572.38  8.82800e-17
      8574.25  8.40706e-17
      8576.11  7.28058e-17
      8577.98  7.79910e-17
      8579.85  8.38488e-17
      8581.71  7.76335e-17
      8583.58  7.54784e-17
      8585.44  7.81906e-17
      8587.31  8.02859e-17
      8589.18  8.57485e-17
      8591.04  8.38797e-17
      8592.91  8.07475e-17
      8594.77  7.70166e-17
      8596.64  7.57915e-17
      8598.50  7.28488e-17
      8600.37  8.44563e-17
      8602.24  9.92820e-17
      8604.10  9.52446e-17
      8605.97  8.96307e-17
      8607.83  9.09592e-17
      8609.70  9.15613e-17
      8611.57  9.35975e-17
      8613.43  9.77988e-17
      8615.30  9.48011e-17
      8617.16  9.09518e-17
      8619.03  8.41425e-17
      8620.90  8.78425e-17
      8622.76  9.43159e-17
      8624.63  8.27198e-17
      8626.49  8.64226e-17
      8628.36  9.58507e-17
      8630.23  9.72088e-17
      8632.09  1.06182e-16
      8633.96  9.92040e-17
      8635.82  9.55416e-17
      8637.69  1.05558e-16
      8639.55  1.02557e-16
      8641.42  9.51391e-17
      8643.29  9.16568e-17
      8645.15  9.49341e-17
      8647.02  9.68513e-17
      8648.88  1.00326e-16
      8650.75  8.64992e-17
      8652.62  7.64508e-17
      8654.48  1.05691e-16
      8656.35  1.00727e-16
      8658.21  9.64454e-17
      8660.08  1.10561e-16
      8661.95  1.11376e-16
      8663.81  1.04282e-16
      8665.68  8.92060e-17
      8667.54  1.05255e-16
      8669.41  1.12670e-16
      8671.28  9.36244e-17
      8673.14  1.06736e-16
      8675.01  9.75919e-17
      8676.87  1.01635e-16
      8678.74  1.06826e-16
      8680.60  9.97517e-17
      8682.47  9.86288e-17
      8684.34  1.00746e-16
      8686.20  1.01708e-16
      8688.07  1.03110e-16
      8689.93  9.77021e-17
      8691.80  1.05984e-16
      8693.67  1.16714e-16
      8695.53  1.08431e-16
      8697.40  1.13568e-16
      8699.26  1.12106e-16
      8701.13  1.13312e-16
      8703.00  1.22350e-16
      8704.86  1.13303e-16
      8706.73  1.15068e-16
      8708.59  1.04472e-16
      8710.46  1.09235e-16
      8712.33  1.15513e-16
      8714.19  1.14960e-16
      8716.06  1.08356e-16
      8717.92  1.21109e-16
      8719.79  1.21049e-16
      8721.65  1.11580e-16
      8723.52  1.07936e-16
      8725.39  1.12273e-16
      8727.25  1.19410e-16
      8729.12  1.12800e-16
      8730.98  1.17768e-16
      8732.85  1.12263e-16
      8734.72  1.17735e-16
      8736.58  1.10824e-16
      8738.45  1.14415e-16
      8740.31  1.12616e-16
      8742.18  1.13452e-16
      8744.04  1.16495e-16
      8745.91  1.14493e-16
      8747.78  1.19984e-16
      8749.64  1.23608e-16
      8751.51  1.23163e-16
      8753.37  1.15760e-16
      8755.24  1.17759e-16
      8757.11  1.21607e-16
      8758.97  1.37837e-16
      8760.84  1.38382e-16
      8762.70  1.39108e-16
      8764.57  1.14774e-16
      8766.44  9.94587e-17
      8768.30  1.18842e-16
      8770.17  1.27622e-16
      8772.03  1.35754e-16
      8773.90  1.38510e-16
      8775.77  1.23928e-16
      8777.63  1.52115e-16
      8779.50  1.50331e-16
      8781.36  1.39946e-16
      8783.23  1.27961e-16
      8785.09  1.29270e-16
      8786.96  1.30943e-16
      8788.83  1.40865e-16
      8790.69  1.40326e-16
      8792.56  1.22320e-16
      8794.42  1.24019e-16
      8796.29  1.36993e-16
      8798.16  1.35826e-16
      8800.02  1.21058e-16
      8801.89  1.33350e-16
      8803.75  1.44037e-16
      8805.62  1.34199e-16
      8807.49  1.47784e-16
      8809.35  1.59183e-16
      8811.22  1.36548e-16
      8813.08  1.28596e-16
      8814.95  1.29122e-16
      8816.82  1.23321e-16
      8818.68  1.33545e-16
      8820.55  1.34163e-16
      8822.41  1.38647e-16
      8824.28  1.31908e-16
      8826.14  1.21651e-16
      8828.01  1.39859e-16
      8829.88  1.41903e-16
      8831.74  1.37099e-16
      8833.61  1.47920e-16
      8835.47  1.48720e-16
      8837.34  1.30893e-16
      8839.21  1.30734e-16
      8841.07  1.30995e-16
      8842.94  1.32944e-16
      8844.80  1.39023e-16
      8846.67  1.45731e-16
      8848.54  1.44440e-16
      8850.40  1.42281e-16
      8852.27  1.44243e-16
      8854.13  1.37674e-16
      8856.00  1.36888e-16
      8857.87  1.42012e-16
      8859.73  1.44731e-16
      8861.60  1.52266e-16
      8863.46  1.46808e-16
      8865.33  1.42775e-16
      8867.19  1.46344e-16
      8869.06  1.40507e-16
      8870.93  1.39624e-16
      8872.79  1.38378e-16
      8874.66  1.38124e-16
      8876.52  1.40006e-16
      8878.39  1.34657e-16
      8880.26  1.40131e-16
      8882.12  1.30632e-16
      8883.99  1.35127e-16
      8885.85  1.57506e-16
      8887.72  1.65417e-16
      8889.59  1.46094e-16
      8891.45  1.18355e-16
      8893.32  1.48437e-16
      8895.18  1.50646e-16
      8897.05  1.56098e-16
      8898.92  1.55760e-16
      8900.78  1.44644e-16
      8902.65  1.46317e-16
      8904.51  1.52988e-16
      8906.38  1.47570e-16
      8908.24  1.40170e-16
      8910.11  1.37329e-16
      8911.98  1.36373e-16
      8913.84  1.53998e-16
      8915.71  1.60886e-16
      8917.57  1.68505e-16
      8919.44  1.39945e-16
      8921.31  1.33645e-16
      8923.17  1.30115e-16
      8925.04  1.41401e-16
      8926.90  1.23538e-16
      8928.77  1.16953e-16
      8930.64  1.26044e-16
      8932.50  1.33158e-16
      8934.37  1.24588e-16
      8936.23  1.31672e-16
      8938.10  1.34197e-16
      8939.96  1.27251e-16
      8941.83  9.08248e-17
      8943.70  9.16104e-17
      8945.56  1.07254e-16
      8947.43  1.22561e-16
      8949.29  1.33522e-16
      8951.16  1.35655e-16
      8953.03  1.49530e-16
      8954.89  1.66948e-16
      8956.76  1.63180e-16
      8958.62  1.83568e-16
      8960.49  1.72141e-16
      8962.36  1.40687e-16
      8964.22  1.34743e-16
      8966.09  1.50018e-16
      8967.95  1.54311e-16
      8969.82  1.60555e-16
      8971.69  1.45401e-16
      8973.55  1.36684e-16
      8975.42  1.45545e-16
      8977.28  1.67425e-16
      8979.15  1.72456e-16
      8981.01  1.67120e-16
      8982.88  1.62387e-16
      8984.75  1.80600e-16
      8986.61  1.84121e-16
      8988.48  1.53373e-16
      8990.34  1.44570e-16
      8992.21  1.57429e-16
      8994.08  1.61590e-16
      8995.94  1.78038e-16
      8997.81  1.80081e-16
      8999.67  1.59775e-16
      9001.54  1.74678e-16
      9003.41  1.78382e-16
      9005.27  1.69531e-16
      9007.14  1.73875e-16
      9009.00  1.71881e-16
      9010.87  1.77711e-16
      9012.74  1.84053e-16
      9014.60  1.85575e-16
      9016.47  1.81895e-16
      9018.33  1.80935e-16
      9020.20  1.89502e-16
      9022.06  1.97781e-16
      9023.93  2.05791e-16
      9025.80  2.05238e-16
      9027.66  1.89915e-16
      9029.53  1.85467e-16
      9031.39  2.04683e-16
      9033.26  2.17688e-16
      9035.13  2.20638e-16
      9036.99  2.04379e-16
      9038.86  2.12683e-16
      9040.72  2.27296e-16
      9042.59  2.12843e-16
      9044.46  2.09954e-16
      9046.32  2.01136e-16
      9048.19  2.20700e-16
      9050.05  2.23015e-16
      9051.92  2.26151e-16
      9053.79  2.21788e-16
      9055.65  2.20961e-16
      9057.52  2.19511e-16
      9059.38  2.19413e-16
      9061.25  2.13290e-16
      9063.11  2.24366e-16
      9064.98  2.24178e-16
      9066.85  2.27676e-16
      9068.71  2.23228e-16
      9070.58  2.12454e-16
      9072.44  2.08276e-16
      9074.31  2.03280e-16
      9076.18  2.12742e-16
      9078.04  2.18065e-16
      9079.91  2.21036e-16
      9081.77  2.19219e-16
      9083.64  2.22367e-16
      9085.51  2.28477e-16
      9087.37  2.24355e-16
      9089.24  2.12994e-16
      9091.10  2.14986e-16
      9092.97  2.16586e-16
      9094.83  2.37037e-16
      9096.70  2.42099e-16
      9098.57  2.17752e-16
      9100.43  2.30727e-16
      9102.30  2.37716e-16
      9104.16  2.24380e-16
      9106.03  2.09434e-16
      9107.90  2.07799e-16
      9109.76  2.25832e-16
      9111.63  2.44754e-16
      9113.49  2.42155e-16
      9115.36  2.40506e-16
      9117.23  2.36770e-16
      9119.09  2.32980e-16
      9120.96  2.43480e-16
      9122.82  2.49406e-16
      9124.69  2.53791e-16
      9126.55  2.38058e-16
      9128.42  2.27277e-16
      9130.29  2.17370e-16
      9132.15  2.16463e-16
      9134.02  2.23832e-16
      9135.88  2.28645e-16
      9137.75  2.41403e-16
      9139.62  2.46017e-16
      9141.48  2.64183e-16
      9143.35  2.55372e-16
      9145.21  2.52307e-16
      9147.08  2.53571e-16
      9148.95  2.55908e-16
      9150.81  2.51878e-16
      9152.68  2.38251e-16
      9154.54  2.19783e-16
      9156.41  2.22036e-16
      9158.28  2.44714e-16
      9160.14  2.52663e-16
      9162.01  2.49217e-16
      9163.87  2.48614e-16
      9165.74  2.55248e-16
      9167.60  2.61207e-16
      9169.47  2.50257e-16
      9171.34  2.46927e-16
      9173.20  2.41272e-16
      9175.07  2.31933e-16
      9176.93  2.34853e-16
      9178.80  2.54460e-16
      9180.67  2.70651e-16
      9182.53  2.65427e-16
      9184.40  2.65327e-16
      9186.26  2.67381e-16
      9188.13  2.74982e-16
      9189.99  2.82708e-16
      9191.86  2.83602e-16
      9193.73  2.71341e-16
      9195.59  2.68656e-16
      9197.46  2.82766e-16
      9199.33  2.82909e-16
      9201.19  3.05257e-16
      9203.06  3.28642e-16
      9204.92  3.13661e-16
      9206.79  2.97058e-16
      9208.65  2.91076e-16
      9210.52  2.90690e-16
      9212.39  3.03077e-16
      9214.25  3.07789e-16
      9216.12  2.87150e-16
      9217.98  2.82376e-16
      9219.85  2.91533e-16
      9221.72  3.09556e-16
      9223.58  3.09625e-16
      9225.45  3.00845e-16
      9227.31  3.05167e-16
      9229.18  3.03326e-16
      9231.04  2.92736e-16
      9232.91  3.05909e-16
      9234.78  3.18957e-16
      9236.64  2.92453e-16
      9238.51  2.93845e-16
      9240.38  2.79600e-16
      9242.24  2.73638e-16
      9244.11  2.91170e-16
      9245.97  2.81346e-16
      9247.84  2.74128e-16
      9249.70  2.76341e-16
      9251.57  2.72009e-16
      9253.44  2.65728e-16
      9255.30  2.77719e-16
      9257.17  2.66561e-16
      9259.03  2.48874e-16
      9260.90  2.45114e-16
      9262.77  2.35565e-16
      9264.63  2.23085e-16
      9266.50  2.11607e-16
      9268.36  2.13564e-16
      9270.23  1.85539e-16
      9272.09  1.42631e-16
      9273.96  1.44267e-16
      9275.83  1.28613e-16
      9277.69  1.01201e-16
      9279.56  8.80958e-17
      9281.42  8.27481e-17
      9283.29  8.59710e-17
      9285.16  8.73741e-17
      9287.02  7.27601e-17
      9288.89  8.82988e-17
      9290.75  7.54629e-17
      9292.62  8.64131e-17
      9294.49  9.58285e-17
      9296.35  8.59884e-17
      9298.22  9.07617e-17
      9300.08  1.00119e-16
      9301.95  1.30760e-16
      9303.82  1.05422e-16
      9305.68  1.10660e-16
      9307.55  1.18162e-16
      9309.41  1.37978e-16
      9311.28  1.26608e-16
      9313.14  1.20697e-16
      9315.01  1.27438e-16
      9316.88  1.28486e-16
      9318.74  8.56209e-17
      9320.61  1.14981e-16
      9322.47  1.42355e-16
      9324.34  9.61793e-17
      9326.21  1.19997e-16
      9328.07  1.61143e-16
      9329.94  1.75133e-16
      9331.80  1.61107e-16
      9333.67  1.14959e-16
      9335.54  9.96852e-17
      9337.40  1.02606e-16
      9339.27  8.81825e-17
      9341.13  8.01931e-17
      9343.00  1.17273e-16
      9344.87  1.48027e-16
      9346.73  1.28890e-16
      9348.60  1.31517e-16
      9350.46  1.47497e-16
      9352.33  1.21797e-16
      9354.20  1.13825e-16
      9356.06  1.36616e-16
      9357.93  1.29853e-16
      9359.79  1.34612e-16
      9361.66  1.51707e-16
      9363.52  1.52147e-16
      9365.39  1.65876e-16
      9367.26  1.63057e-16
      9369.12  1.57936e-16
      9370.99  2.76276e-16
      9372.85  3.01384e-16
      9374.72  2.54421e-16
      9376.59  2.47846e-16
      9378.45  1.53742e-16
      9380.32  1.16404e-16
      9382.18  1.39562e-16
      9384.05  1.42541e-16
      9385.91  1.58931e-16
      9387.78  1.76829e-16
      9389.65  1.88446e-16
      9391.51  2.19629e-16
      9393.38  2.25371e-16
      9395.25  2.12851e-16
      9397.11  2.20262e-16
      9398.98  2.63688e-16
      9400.84  2.89822e-16
      9402.71  2.46754e-16
      9404.57  2.38457e-16
      9406.44  2.64719e-16
      9408.31  2.64391e-16
      9410.17  2.79141e-16
      9412.04  2.56299e-16
      9413.90  2.50473e-16
      9415.77  2.75509e-16
      9417.64  2.82524e-16
      9419.50  2.93476e-16
      9421.37  2.40897e-16
      9423.23  2.58008e-16
      9425.10  2.55254e-16
      9426.97  2.57211e-16
      9428.83  2.68382e-16
      9430.70  2.50981e-16
      9432.56  2.61169e-16
      9434.43  2.24009e-16
      9436.30  1.69583e-16
      9438.16  1.04028e-16
      9440.03  1.03747e-17
      9441.89  6.14765e-17
      9443.76  1.39112e-16
      9445.62  2.21820e-16
      9447.49  2.74399e-16
      9449.36  2.69844e-16
      9451.22  2.70905e-16
      9453.09  2.76473e-16
      9454.95  2.36936e-16
      9456.82  1.75564e-16
      9458.69  1.58747e-16
      9460.55  1.57783e-16
      9462.42  2.06168e-16
      9464.28  2.22560e-16
      9466.15  2.37582e-16
      9468.01  2.42221e-16
      9469.88  2.39386e-16
      9471.75  2.23009e-16
      9473.61  1.97700e-16
      9475.48  1.17417e-16
      9477.34  8.10607e-17
      9479.21  1.30121e-16
      9481.08  1.75624e-16
      9482.94  1.69111e-16
      9484.81  2.00076e-16
      9486.67  2.46568e-16
      9488.54  2.47889e-16
      9490.41  2.37930e-16
      9492.27  2.15572e-16
      9494.14  1.96547e-16
      9496.00  1.70087e-16
      9497.87  1.39565e-16
      9499.74  1.32547e-16
      9501.60  1.53596e-16
      9503.47  2.24719e-16
      9505.33  2.74187e-16
      9507.20  2.83747e-16
      9509.06  3.11402e-16
      9510.93  3.11112e-16
      9512.80  3.05313e-16
      9514.66  2.69681e-16
      9516.53  2.34085e-16
      9518.39  1.91361e-16
      9520.26  1.67802e-16
      9522.13  1.85117e-16
      9523.99  2.17120e-16
      9525.86  2.51011e-16
      9527.72  2.93109e-16
      9529.59  2.96401e-16
      9531.46  2.96574e-16
      9533.32  3.11643e-16
      9535.19  3.04323e-16
      9537.05  3.27548e-16
      9538.92  3.41982e-16
      9540.78  3.18921e-16
      9542.65  2.77814e-16
      9544.52  2.64572e-16
      9546.38  2.84764e-16
      9548.25  3.23832e-16
      9550.11  3.52910e-16
      9551.98  2.96590e-16
      9553.85  2.33124e-16
      9555.71  2.17933e-16
      9557.58  1.92461e-16
      9559.44  1.94577e-16
      9561.31  2.30791e-16
      9563.18  2.53736e-16
      9565.04  2.73313e-16
      9566.91  3.26384e-16
      9568.77  3.55913e-16
      9570.64  3.35103e-16
      9572.50  3.17537e-16
      9574.37  3.23587e-16
      9576.24  3.43290e-16
      9578.10  3.24871e-16
      9579.97  2.78102e-16
      9581.83  2.40133e-16
      9583.70  2.40007e-16
      9585.57  2.45129e-16
      9587.43  2.23647e-16
      9589.30  1.81355e-16
      9591.16  2.07868e-16
      9593.03  1.75711e-16
      9594.90  1.71803e-16
      9596.76  2.10980e-16
      9598.63  2.45706e-16
      9600.49  2.70674e-16
      9602.36  2.75306e-16
      9604.23  2.66465e-16
      9606.09  2.69056e-16
      9607.96  2.68051e-16
      9609.82  2.45402e-16
      9611.69  2.15215e-16
      9613.55  1.97059e-16
      9615.42  2.03359e-16
      9617.29  2.11542e-16
      9619.15  2.97918e-16
      9621.02  2.73439e-16
      9622.88  2.47389e-16
      9624.75  2.75023e-16
      9626.62  2.96576e-16
      9628.48  3.20340e-16
      9630.35  3.41070e-16
      9632.21  3.74616e-16
      9634.08  3.81055e-16
      9635.95  3.22979e-16
      9637.81  2.70783e-16
      9639.68  2.59991e-16
      9641.54  2.70200e-16
      9643.41  2.53091e-16
      9645.28  2.75556e-16
      9647.14  3.08762e-16
      9649.01  3.26494e-16
      9650.87  3.29050e-16
      9652.74  3.12050e-16
      9654.60  2.81694e-16
      9656.47  2.92273e-16
      9658.34  3.20482e-16
      9660.20  3.68820e-16
      9662.07  3.52075e-16
      9663.93  2.92026e-16
      9665.80  2.66416e-16
      9667.67  2.77128e-16
      9669.53  3.09719e-16
      9671.40  3.54242e-16
      9673.26  4.00826e-16
      9675.13  4.71456e-16
      9677.00  4.99104e-16
      9678.86  4.97913e-16
      9680.73  4.77441e-16
      9682.59  4.13575e-16
      9684.46  3.89380e-16
      9686.33  3.88542e-16
      9688.19  3.95575e-16
      9690.06  3.62299e-16
      9691.92  3.39948e-16
      9693.79  3.20904e-16
      9695.65  3.27363e-16
      9697.52  3.32487e-16
      9699.39  3.77501e-16
      9701.25  4.53949e-16
      9703.12  4.63605e-16
      9704.98  4.99910e-16
      9706.85  4.90893e-16
      9708.72  4.49047e-16
      9710.58  4.20763e-16
      9712.45  3.66960e-16
      9714.31  3.65973e-16
      9716.18  3.87478e-16
      9718.05  3.92618e-16
      9719.91  3.91746e-16
      9721.78  3.51844e-16
      9723.64  3.42562e-16
      9725.51  3.64571e-16
      9727.37  3.48333e-16
      9729.24  3.33910e-16
      9731.11  3.83605e-16
      9732.97  4.39772e-16
      9734.84  4.26290e-16
      9736.70  3.93365e-16
      9738.57  3.82711e-16
      9740.44  3.98743e-16
      9742.30  4.15227e-16
      9744.17  4.27719e-16
      9746.03  4.29797e-16
      9747.90  4.05927e-16
      9749.77  4.04232e-16
      9751.63  3.90580e-16
      9753.50  3.58421e-16
      9755.36  3.60085e-16
      9757.23  3.57265e-16
      9759.10  3.54817e-16
      9760.96  3.93988e-16
      9762.83  4.14422e-16
      9764.69  4.15106e-16
      9766.56  4.65791e-16
      9768.42  5.20727e-16
      9770.29  5.54502e-16
      9772.16  5.39573e-16
      9774.02  5.14024e-16
      9775.89  5.10800e-16
      9777.75  4.75199e-16
      9779.62  4.46990e-16
      9781.49  4.25970e-16
      9783.35  4.32544e-16
      9785.22  4.83265e-16
      9787.08  4.69480e-16
      9788.95  3.83870e-16
      9790.82  3.64477e-16
      9792.68  3.94764e-16
      9794.55  4.75306e-16
      9796.41  5.23895e-16
      9798.28  5.59384e-16
      9800.15  5.67837e-16
      9802.01  5.34739e-16
      9803.88  5.16554e-16
      9805.74  5.45253e-16
      9807.61  5.56740e-16
      9809.47  5.94141e-16
      9811.34  6.01613e-16
      9813.21  5.54707e-16
      9815.07  4.91015e-16
      9816.94  4.81464e-16
      9818.80  5.34159e-16
      9820.67  5.40250e-16
      9822.54  5.30518e-16
      9824.40  4.98494e-16
      9826.27  5.07886e-16
      9828.13  5.01848e-16
      9830.00  5.47130e-16
      9831.87  5.76695e-16
      9833.73  5.61081e-16
      9835.60  5.44806e-16
      9837.46  5.67775e-16
      9839.33  6.17893e-16
      9841.20  6.22009e-16
      9843.06  5.91951e-16
      9844.93  5.03556e-16
      9846.79  4.55543e-16
      9848.66  5.24976e-16
      9850.52  4.88058e-16
      9852.39  4.89026e-16
      9854.26  5.62774e-16
      9856.12  6.39725e-16
      9857.99  6.16020e-16
      9859.85  6.03705e-16
      9861.72  6.68407e-16
      9863.59  6.51507e-16
      9865.45  6.94189e-16
      9867.32  7.12622e-16
      9869.18  7.26163e-16
      9871.05  7.38602e-16
      9872.92  7.38763e-16
      9874.78  7.11561e-16
      9876.65  7.33777e-16
      9878.51  6.21026e-16
      9880.38  6.36416e-16
      9882.25  6.58700e-16
      9884.11  6.78142e-16
      9885.98  6.78693e-16
      9887.84  6.80353e-16
      9889.71  6.74070e-16
      9891.57  6.73761e-16
      9893.44  6.62257e-16
      9895.31  6.64425e-16
      9897.17  7.03208e-16
      9899.04  6.46571e-16
      9900.90  6.22625e-16
      9902.77  6.79573e-16
      9904.64  7.37359e-16
      9906.50  7.68593e-16
      9908.37  7.73909e-16
      9910.23  8.19625e-16
      9912.10  7.93524e-16
      9913.96  7.79318e-16
      9915.83  8.88928e-16
      9917.70  8.21822e-16
      9919.56  7.49555e-16
      9921.43  7.85192e-16
      9923.29  7.56786e-16
      9925.16  6.52112e-16
      9927.03  6.56648e-16
      9928.89  7.32541e-16
      9930.76  7.26768e-16
      9932.62  7.04726e-16
      9934.49  7.42412e-16
      9936.36  8.30814e-16
      9938.22  7.78445e-16
      9940.09  6.97993e-16
      9941.95  7.63486e-16
      9943.82  7.95003e-16
      9959.76  7.64763e-16
      9998.18  8.35753e-16
      10036.7  9.07435e-16
      10075.4  9.60779e-16
      10114.3  1.04223e-15
      10153.2  1.13630e-15
      10192.3  1.25485e-15
      10231.5  1.28173e-15
      10270.9  1.43836e-15
      10310.3  1.52908e-15
      10349.9  1.65429e-15
      10389.6  1.78544e-15
      10429.5  1.80303e-15
      10469.4  1.94719e-15
      10509.5  2.08661e-15
      10549.6  2.13310e-15
      10589.9  2.24103e-15
      10630.3  2.31496e-15
      10670.8  2.39329e-15
      10711.4  2.46573e-15
      10752.1  2.54035e-15
      10792.9  2.58486e-15
      10833.8  2.49021e-15
      10874.8  2.24468e-15
      10915.9  1.78531e-15
      10957.0  1.30607e-15
      10998.3  1.01690e-15
      11039.6  7.14175e-16
      11081.1  5.13147e-16
      11122.6  3.34710e-16
      11164.2  2.36130e-16
      11205.8  2.47135e-16
      11247.6  2.37398e-16
      11289.4  2.46586e-16
      11331.3  2.56933e-16
      11373.3  1.94941e-16
      11415.3  1.71767e-16
      11457.4  1.94646e-16
      11499.5  1.28451e-16
      11541.8  1.69314e-16
      11584.0  1.18847e-16
      11626.4  1.37457e-16
      11668.8  1.96065e-16
      11711.2  2.18489e-16
      11753.7  2.56171e-16
      11796.3  3.42095e-16
      11838.9  4.39800e-16
      11881.5  5.11344e-16
      11924.2  6.56718e-16
      11966.9  7.78989e-16
      12009.7  9.72740e-16
      12052.5  1.12637e-15
      12095.3  1.30488e-15
      12138.2  1.52105e-15
      12181.1  1.71357e-15
      12224.0  1.90058e-15
      12267.0  2.15332e-15
      12310.0  2.37116e-15
      12353.0  2.63294e-15
      12396.0  2.79851e-15
      12439.1  3.07681e-15
      12482.2  3.31436e-15
      12525.3  3.55437e-15
      12568.4  3.67077e-15
      12611.5  3.94665e-15
      12654.7  3.95294e-15
      12697.8  3.92190e-15
      12741.0  3.87133e-15
      12784.1  3.65031e-15
      12827.3  3.31656e-15
      12870.5  3.01536e-15
      12913.7  2.79197e-15
      12956.9  2.55818e-15
      13000.0  2.29829e-15
      13043.2  2.03803e-15
      13086.4  1.82269e-15
      13129.6  1.58433e-15
      13172.7  1.34885e-15
      13215.9  1.10426e-15
      13259.0  8.07757e-16
      13302.2  4.90010e-16
      13345.3  2.23842e-16
      13388.4  8.37084e-17
      13431.5  6.05254e-17
      13474.6  3.85913e-17
      13517.6  4.07722e-17
      13560.6 -3.42983e-17
      13603.7 -1.63311e-19
      13646.7 -2.20821e-18
      13689.6  4.52208e-17
      13732.6  3.05843e-17
      13775.5 -9.85831e-18
      13818.4  2.35523e-18
      13861.3 -3.93242e-17
      13904.1  5.46055e-17
      13946.9 -2.34144e-17
      13989.7 -1.52019e-17
      14032.4  5.65543e-17
      14075.1 -1.10081e-17
      14117.8  3.48244e-17
      14160.5  1.55831e-17
      14203.1  2.27797e-17
      14245.6  2.05975e-17
      14288.1  4.37002e-17
      14330.6  6.60599e-17
      14373.1  4.00733e-17
      14415.5  7.34214e-17
      14457.8  1.00354e-16
      14500.2  9.32245e-17
      14542.4  1.23902e-16
      14584.6  1.51975e-16
      14626.8  1.33918e-16
      14669.0  1.73700e-16
      14711.0  1.34407e-16
      14753.1  1.45408e-16
      14795.1  1.64503e-16
      14837.0  2.18235e-16
      14878.9  2.33897e-16
      14920.7  2.69664e-16
      14962.5  2.92706e-16
      15004.2  3.03080e-16
      15045.9  3.73495e-16
      15087.5  3.86622e-16
      15129.1  4.85046e-16
      15170.6  5.26935e-16
      15212.1  5.91348e-16
      15253.5  6.72820e-16
      15294.8  7.24564e-16
      15336.1  9.14585e-16
      15377.3  1.00564e-15
      15418.5  1.10993e-15
      15459.6  1.24278e-15
      15500.7  1.31571e-15
      15541.7  1.44515e-15
      15582.6  1.52781e-15
      15623.5  1.67293e-15
      15664.3  1.77950e-15
      15705.0  1.88292e-15
      15745.7  1.99440e-15
      15786.3  2.06355e-15
      15826.9  2.11496e-15
      15867.4  1.96629e-15
      15907.8  1.90745e-15
      15948.2  1.72082e-15
      15988.5  1.49297e-15
      16028.7  1.12821e-15
      16068.9  8.77914e-16
      16109.0  6.17102e-16
      16149.1  4.53865e-16
      16189.1  3.59328e-16
      16229.0  2.61459e-16
      16268.9  2.11510e-16
      16308.7  2.20028e-16
      16348.4  1.72787e-16
      16388.1  1.73429e-16
      16427.6  1.76283e-16
      16467.2  2.21983e-16
      16506.6  2.38759e-16
      16546.0  2.38692e-16
      16585.4  2.59788e-16
      16624.7  2.04234e-16
      16663.9  1.73530e-16
      16703.0  1.05432e-16
      16742.1  1.24649e-16
      16781.1  1.69261e-16
      16820.0  2.09596e-16
      16858.9  2.12704e-16
      16897.7  2.05613e-16
      16936.5  1.61373e-16
      16975.1  1.31492e-16
      17013.8  1.19910e-16
      17052.3  9.59441e-17
      17090.8  1.15126e-16
      17129.2  1.63326e-16
      17167.6  1.93922e-16
      17205.8  2.24702e-16
      17244.1  2.39729e-16
      17282.2  1.85649e-16
      17320.3  1.54193e-16
      17358.4  1.49969e-16
      17396.3  1.32510e-16
      17434.2  1.54397e-16
      17472.1  1.49265e-16
      17509.8  1.43891e-16
      17547.6  1.63574e-16
      17585.2  1.60265e-16
      17622.8  1.30610e-16
      17660.3  1.26740e-16
      17697.8  1.39097e-16
      17735.2  1.04550e-16
      17772.5  1.01021e-16
      17809.8  1.06186e-16
      17847.0  1.14102e-16
      17884.1  9.20579e-17
      17921.2  8.89849e-17
      17958.3  5.43786e-17
      17995.2  4.38571e-17
      18032.1  3.44291e-17
      18069.0  5.03435e-17
      18105.8  1.14821e-16
      18142.5  6.55880e-17
      18179.2  6.95917e-17
      18215.8  1.12524e-16
      18252.3  7.11211e-17
      18288.8  7.84614e-17
      18325.2  1.41959e-17
      18361.6  4.35278e-17
      18397.9  3.82230e-17
      18434.2 -5.16843e-17
      18470.4  1.80070e-17
      18506.5  7.97906e-17
      18542.6  5.16472e-17
      18578.7  7.24100e-17
      18614.6  6.90541e-17
      18650.6  2.27733e-17
      18686.4  2.05684e-17
      18722.2  1.46389e-16
      18758.0  7.60106e-17
      18793.7  1.15671e-16
      18829.3  1.43486e-16
      18864.9  1.09569e-16
      18900.5  1.21727e-16
      18936.0  1.12862e-16
      18971.4  1.54132e-16
      19006.8  1.51763e-16
      19042.1  1.38245e-16
      19077.4  1.36259e-16
      19112.6  9.41472e-17
      19147.7  1.61226e-16
      19182.9  1.51831e-16
      19217.9  1.33255e-16
      19252.9  1.33504e-16
      19287.9  1.35549e-16
      19322.8  5.78770e-17
      19357.7  4.19782e-17
      19392.5  7.59790e-17
      19427.2  5.87423e-17
      19462.0  8.47956e-17
      19496.6  7.29328e-17
      19531.2  7.56101e-17
      19565.8  4.99885e-17
      19600.3  7.26620e-17
      19634.8  1.01656e-16
      19669.2  1.10971e-16
      19703.6  1.23267e-16
      19737.9  1.17779e-16
      19772.1  1.13028e-16
      19806.4  1.27648e-16
      19840.5  1.42521e-16
      19874.7  1.67078e-16
      19908.8  1.64100e-16
      19942.8  1.76197e-16
      19976.8  2.01733e-16
      20010.7  2.35497e-16
      20044.6  2.14529e-16
      20078.5  2.54824e-16
      20112.3  2.52386e-16
      20146.0  2.38903e-16
      20179.7  2.98401e-16
      20213.4  2.81407e-16
      20247.0  3.39475e-16
      20280.6  3.68602e-16
      20314.1  3.32330e-16
      20347.6  3.59389e-16
      20381.0  3.55057e-16
      20414.4  3.91745e-16
      20447.8  3.86692e-16
      20481.1  4.27305e-16
      20514.3  4.58791e-16
      20547.5  3.97891e-16
      20580.7  4.58391e-16
      20613.8  4.71839e-16
      20646.9  4.85919e-16
      20679.9  4.88939e-16
      20712.9  4.78389e-16
      20745.8  4.65245e-16
      20778.7  4.91058e-16
      20811.6  4.83587e-16
      20844.4  4.76732e-16
      20877.1  4.79650e-16
      20909.8  4.64818e-16
      20942.5  4.68281e-16
      20975.1  4.62534e-16
      21007.7  4.45259e-16
      21040.2  4.37824e-16
      21072.7  4.26542e-16
      21105.1  4.41156e-16
      21137.5  4.00002e-16
      21169.9  3.77373e-16
      21202.2  3.94537e-16
      21234.4  3.71289e-16
      21266.7  3.45147e-16
      21298.8  3.39730e-16
      21330.9  3.05743e-16
      21363.0  3.00987e-16
      21395.0  3.03022e-16
      21427.0  2.92666e-16
      21458.9  2.57285e-16
      21490.8  2.80612e-16
      21522.7  2.26776e-16
      21554.5  2.30233e-16
      21586.2  2.17682e-16
      21617.9  2.14585e-16
      21649.6  1.96399e-16
      21681.2  2.00256e-16
      21712.7  1.70338e-16
      21744.2  1.83815e-16
      21775.7  1.60459e-16
      21807.1  1.45009e-16
      21838.5  1.38095e-16
      21869.8  1.40552e-16
      21901.0  1.17080e-16
      21932.3  8.89137e-17
      21963.4  6.29372e-17
      21994.5  3.76155e-17
      22025.6  1.87286e-17
      22056.6  1.68322e-17
      22087.6  1.35398e-17
      22118.5  1.37003e-17
      22149.4  3.64459e-17
      22180.2  4.26768e-17
      22211.0  2.96090e-17
      22241.7  4.18356e-17
      22272.4  1.39812e-17
      22303.0  1.56020e-17
      22333.6  4.27554e-17
      22364.1  1.29274e-17
      22394.6  1.71629e-17
      22425.0  1.89804e-17
      22455.4  7.84056e-18
      22485.7  9.97221e-18
      22515.9  4.54351e-18
      22546.1  2.33994e-17
      22576.3  1.91899e-17
      22606.4  2.70467e-18
      22636.5  1.19336e-17
      22666.5  7.82893e-18
      22696.4  1.07019e-17
      22726.3  1.47658e-17
      22756.2  1.61949e-17
      22786.0  1.35481e-17
      22815.7  1.15728e-17
      22845.4  8.45920e-18
      22875.1  1.68519e-17
      22904.7  3.13965e-18
      22934.2  1.40342e-17
      22963.7 -2.41711e-18
      22993.1  1.04157e-17
      23022.5  4.38125e-18
      23051.8 -3.22960e-18
      23081.1  1.01461e-17
      23110.3  2.06614e-17
      23139.5  2.37303e-17
      23168.7  1.25385e-17
      23197.7  2.81383e-17
      23226.8 -1.34807e-18
      23255.7  2.06209e-17
      23284.7  1.69613e-17
      23313.5 -3.39935e-18
      23342.4  1.59337e-17
      23371.1 -1.19197e-17
      23399.9 -1.17144e-17
      23428.5  5.76493e-18
      23457.2  5.87007e-18
      23485.7  2.12707e-17
      23514.3  1.29357e-17
      23542.8  1.29166e-18
      23571.2  1.34307e-17
      23599.6 -1.96297e-17
      23628.0  2.72621e-17
      23656.3  2.00949e-17
      23684.5 -1.23647e-17
      23712.7 -3.73329e-18
      23740.9 -4.23400e-18
      23769.1 -3.32287e-17
      23797.1 -1.71564e-18
      23825.2  5.07482e-19
      23853.2 -1.96885e-17
      23881.2  1.37829e-17
      23909.1  1.93710e-17
      23937.0  1.98949e-17
      23964.9  1.52948e-17
      23992.7 -1.37573e-17
      24020.5  1.02330e-17
      24048.3  1.69363e-17
      24076.0  4.22747e-17
      24103.7  1.83916e-17
      24131.4  3.10566e-17
      24159.0  4.11904e-17
      24186.7  2.95066e-17
      24214.3  4.56051e-17
      24241.8  2.76775e-17
      24269.4  1.91436e-17
      24296.9  2.62995e-17
      24324.4 -5.34813e-18
      24351.9  6.18220e-17
      24379.4  2.23414e-17
      24406.9  1.98501e-17
      24434.3  4.12189e-17
      24461.8  5.78343e-17
      24489.2  2.86316e-17
      24516.7  2.62428e-17
      24544.1  2.60693e-17
      24571.5  3.50529e-17
      24599.0  2.58082e-17
      24626.4  3.94061e-17
      24653.9  7.60637e-17
      24681.3  4.87698e-17
      24708.8  1.30172e-17
      24736.3  7.98363e-17
      24763.8  2.63335e-17
      24791.3  5.69765e-17
      24818.9  8.40679e-17
      24846.4  1.31189e-17
      24874.0  4.39713e-17
      24901.7  7.47607e-17
      24929.3  2.38336e-17
      24957.0  8.81335e-17
      24984.8  8.46418e-17
      25012.6  6.46555e-17
      25040.4  5.37292e-17
      25068.3  3.54469e-17
      25096.3  5.20539e-18
      25124.3  1.00085e-16
      25152.3  4.70906e-17
      25180.5  5.59302e-17
      25208.7 -5.25911e-17
      25237.0  6.15129e-17
      25265.4 -1.61064e-17
      25293.8 -3.72078e-17
      25322.4 -7.47875e-18
      25351.0  2.66727e-17
      25379.8  1.48361e-16
      25408.6 -2.24691e-16
      25437.6 -1.36662e-16
      25466.7 -1.13984e-17
      25495.9  8.47876e-17
      25525.2  1.02555e-15
      25554.6 -2.44587e-16
      25584.2 -3.28358e-16
